Post 11:
Content:
9x
00,01,02,03,04,05,06,07,08,09,10,11,13,14,15,16,17,18,19,20,21,22,23,24,25,26,27,28,29,30,31,32,33,34,35,36,38,39,40,41,42,43,45,46,47,48,49,50,51,52,53,54,55,56,57,58,59,60,61,62,63,64,66,67,68,69,70,71,72,73,74,75,76,77,78,79,80,81,82,83,84,85,86,87,88,89,90,91,92,93,94,95,96,97,98,99
8x
00,01,02,03,05,06,07,08,09,10,13,14,15,16,17,18,19,20,21,22,23,25,26,27,28,29,30,31,32,33,34,35,36,38,39,40,41,42,45,46,47,48,49,50,52,54,55,56,57,58,59,60,61,62,63,64,66,67,68,69,70,71,72,73,74,75,76,77,78,79,81,82,83,84,85,87,88,89,90,91,92,93,94,95,96,97,98,99
7x
00,01,02,03,05,06,07,08,09,10,15,16,18,19,20,22,23,26,27,28,29,30,31,32,33,35,36,38,39,40,45,47,48,49,50,54,55,56,57,58,59,60,61,62,63,64,66,67,68,69,70,71,72,73,74,75,76,77,78,79,81,82,83,84,85,87,88,89,90,91,92,93,94,95,96,97,98,99
6x
00,01,02,03,05,06,07,08,09,10,15,16,18,19,20,22,23,28,30,31,32,35,36,38,39,40,45,47,48,49,50,54,55,56,57,58,59,60,61,62,63,64,66,67,68,69,70,71,72,73,74,75,76,77,78,79,81,82,83,85,87,88,89,92,93,95,97,98
5x
00,01,02,03,05,06,07,08,09,10,16,18,19,20,28,30,31,32,35,36,38,39,40,45,47,48,54,55,57,58,59,60,62,63,64,66,67,68,69,70,71,72,73,74,75,76,77,78,79,82,83,85,88,89,92,95,97,98
4x
00,01,02,03,06,07,08,09,10,16,18,19,20,28,32,35,36,39,45,47,54,55,57,62,63,64,66,67,68,69,70,71,72,73,74,75,76,77,78,79,82,83,85,88,89,92,95,98
3x
00,01,02,03,06,07,08,09,10,16,18,19,20,28,32,35,36,39,45,47,54,55,57,63,64,66,68,69,70,71,72,73,76,77,88,89,95,98
2x
00,01,07,08,09,10,16,18,19,20,28,32,35,36,39,45,47,54,55,57,63,66,70,73,76,77,89,98
1x
00,01,07,08,16,18,32,35,54,55,57,66,70,73,76,77,89,98
0x
00,01,07,73,76,77,89,98
Author: Xuantruong368
Date: 17/8/23
Time: 13:45
==================================================
1x array: ['00', '01', '07', '08', '16', '18', '32', '35', '54', '55', '57', '66', '70', '73', '76', '77', '89', '98']
Post 1:
Content:
9x
00,03,04,05,06,07,08,09,10,11,12,13,14,15,16,17,18,19,20,21,22,23,24,25,26,27,28,29,30,31,32,33,34,35,36,37,38,39,40,41,42,43,44,45,46,47,48,49,50,51,52,53,54,55,56,57,58,59,60,61,62,63,64,65,66,67,68,69,70,71,72,73,74,75,76,77,78,79,80,81,83,84,85,86,87,88,89,90,92,93,94,95,96,97,98,99
8x
00,07,08,09,10,11,12,13,14,15,16,17,18,19,20,21,22,23,24,25,26,27,28,29,30,31,32,33,34,35,36,37,38,39,40,41,42,43,44,45,47,48,49,50,51,52,53,54,56,57,58,59,60,61,62,63,65,66,67,68,69,70,71,72,74,75,76,77,78,79,80,81,83,84,85,86,87,88,89,90,92,93,94,95,96,97,98,99
7x
12,13,14,15,16,17,18,20,21,22,23,24,25,26,27,29,30,31,32,33,34,35,36,38,39,40,41,42,43,44,45,47,48,49,50,51,52,53,54,56,57,58,59,60,61,62,63,65,66,67,68,69,70,71,72,74,75,76,77,78,79,80,81,83,84,85,86,87,88,89,90,92,93,94,95,96,97,98
6x
17,18,20,21,22,23,24,25,26,27,29,30,31,32,33,34,35,36,38,39,40,41,42,43,44,45,47,48,49,50,51,52,53,54,56,57,58,59,60,61,62,63,65,66,67,68,69,70,71,72,74,75,76,77,78,79,80,81,83,84,85,86,87,88,89,90,92,93
5x
23,24,25,26,27,29,30,31,32,33,34,35,36,38,39,40,41,42,43,44,45,47,48,49,50,51,52,53,54,56,57,58,59,60,61,62,63,65,66,67,68,69,70,71,72,74,75,76,77,78,79,80,81,83,84,85,86,87
4x
29,30,31,32,33,34,35,36,38,39,40,41,42,43,44,45,47,48,49,50,51,52,53,54,56,57,58,59,60,61,62,63,65,66,67,68,69,70,71,72,74,75,76,77,78,79,80,81
3x
34,35,36,38,39,40,41,42,43,44,45,47,48,49,50,51,52,53,54,56,57,58,59,60,61,62,63,65,66,67,68,69,70,71,72,74,75,76
2x
40,41,42,43,44,45,47,48,49,50,51,52,53,54,56,57,58,59,60,61,62,63,65,66,67,68,69,70
1x
45,47,48,49,50,51,52,53,54,56,57,58,59,60,61,62,63,65
0x
51,52,53,54,56,57,58,59
Author: Chuquangtruong
Date: 16/8/23
Time: 20:47
==================================================
1x array: ['45', '47', '48', '49', '50', '51', '52', '53', '54', '56', '57', '58', '59', '60', '61', '62', '63', '65']
Post 2:
Content:
9x
01,02,03,04,05,06,07,08,09,10,11,12,13,14,15,16,17,18,19,20,21,23,24,25,26,27,28,29,30,31,32,34,35,36,37,38,39,40,41,42,43,45,46,47,48,49,50,51,52,53,54,56,57,58,59,60,61,62,63,64,65,66,67,68,69,70,71,72,73,74,75,76,77,78,79,80,81,82,83,84,85,86,87,88,89,90,91,92,93,94,95,96,97,98,99
8x
01,02,03,04,05,06,07,08,10,12,13,14,15,16,17,18,19,20,21,23,24,25,26,27,29,30,31,32,35,36,37,38,39,40,41,42,43,45,46,47,48,49,50,51,52,53,54,56,57,58,59,60,61,62,63,64,65,67,68,69,70,71,72,73,74,75,76,78,79,80,81,82,83,84,85,86,87,89,90,91,92,93,94,95,96,97,98,99
7x
02,03,06,07,08,10,12,13,14,16,17,18,19,20,21,24,25,29,30,31,32,35,36,37,38,39,40,41,42,45,46,47,48,49,50,51,52,53,54,56,57,58,59,60,61,62,63,64,65,68,69,70,71,72,73,74,75,76,78,79,80,81,82,83,84,85,86,87,89,90,91,92,93,94,95,96,97,98
6x
02,03,06,07,08,12,13,14,16,17,18,19,20,21,24,25,29,30,31,35,36,37,41,42,45,46,47,49,50,52,53,54,56,57,58,59,60,61,62,63,64,65,68,69,70,71,72,73,74,75,78,79,80,81,83,84,85,86,87,89,91,92,93,94,95,96,97,98
5x
02,06,07,08,12,13,14,18,19,20,21,24,25,29,30,31,35,36,41,42,45,46,47,52,53,54,56,57,58,60,61,63,64,65,69,70,71,72,73,74,75,79,80,81,83,84,85,86,87,89,91,92,93,94,95,96,97,98
4x
02,07,08,13,14,18,19,20,21,24,25,29,30,31,35,36,41,42,46,47,52,53,56,57,58,60,61,63,64,65,69,70,71,73,74,75,79,80,81,85,89,91,92,94,95,96,97,98
3x
02,07,08,13,14,18,20,25,29,30,31,35,36,41,42,46,47,52,53,58,60,63,64,69,70,73,74,75,79,80,81,85,89,91,92,96,97,98
2x
07,08,18,20,25,29,31,35,36,41,46,47,52,53,63,64,69,70,74,79,80,81,85,91,92,96,97,98
1x
07,18,25,46,47,52,53,63,64,70,74,80,81,85,91,92,96,97
0x
25,52,64,70,74,80,81,92
Author: Xuanthuy179
Date: 16/8/23
Time: 20:59
==================================================
1x array: ['07', '18', '25', '46', '47', '52', '53', '63', '64', '70', '74', '80', '81', '85', '91', '92', '96', '97']
Post 3:
Content:
9x
00,01,02,03,04,05,06,07,08,09,10,11,12,13,14,15,18,19,20,21,22,23,24,25,26,27,28,29,30,31,32,33,34,35,36,37,38,39,40,41,42,43,44,45,46,47,48,49,50,51,52,53,54,55,57,58,59,60,61,62,63,64,67,68,69,70,71,72,73,74,75,76,77,78,79,80,81,82,83,84,85,86,87,88,89,90,91,92,93,94,95,96,97,98,99
8x
00,01,02,03,04,05,07,08,09,10,11,12,13,14,15,18,19,20,21,22,23,24,25,26,27,28,29,30,31,32,33,34,35,36,37,38,39,40,41,42,43,44,45,47,48,49,50,51,52,53,54,55,58,59,62,63,67,68,69,70,71,72,73,74,76,77,78,79,80,81,82,83,84,85,86,87,88,89,90,91,92,93,94,95,96,97,98,99
7x
00,01,02,03,04,07,08,09,10,12,13,14,18,19,20,21,22,23,24,25,26,27,28,29,30,31,32,33,34,35,36,37,38,39,40,41,42,43,44,45,47,48,49,52,53,54,58,59,62,63,68,69,70,72,73,74,78,79,80,81,82,83,84,85,86,87,88,89,90,91,92,93,94,95,96,97,98,99
6x
02,03,07,08,09,12,13,14,18,20,21,22,23,24,25,28,29,30,31,33,34,35,36,39,40,41,42,43,44,45,47,48,49,52,53,54,58,59,62,63,68,69,70,72,73,74,78,79,80,81,82,83,84,85,86,87,88,89,90,91,92,93,94,95,96,97,98,99
5x
02,03,07,08,09,12,13,14,18,20,21,22,23,24,25,28,29,30,31,33,34,35,36,39,41,43,44,45,47,48,49,52,53,58,59,68,70,72,73,74,78,79,80,84,86,87,88,89,90,91,92,93,94,95,96,97,98,99
4x
08,09,12,13,21,22,23,24,25,28,29,30,31,33,34,35,36,39,41,43,44,45,47,48,49,52,53,58,59,68,70,72,73,74,78,79,80,84,87,89,90,91,93,94,95,97,98,99
3x
08,09,12,13,34,35,36,39,41,43,44,45,47,48,49,52,53,58,59,68,70,72,73,74,78,79,80,84,87,89,90,91,93,94,95,97,98,99
2x
08,09,12,13,34,35,39,43,44,48,49,53,59,74,78,79,80,84,87,89,90,91,93,94,95,97,98,99
1x
08,34,35,39,43,48,49,53,59,80,84,89,90,93,94,95,98,99
0x
35,49,89,90,93,94,95,98
Author: giabo
Date: 16/8/23
Time: 21:13
==================================================
1x array: ['08', '34', '35', '39', '43', '48', '49', '53', '59', '80', '84', '89', '90', '93', '94', '95', '98', '99']
Post 4:
Content:
9x
00,03,04,05,06,07,08,09,10,12,13,14,15,16,17,18,19,20,21,22,23,24,25,26,27,28,29,30,31,32,33,34,35,36,37,38,39,40,41,42,43,44,45,46,47,48,49,50,51,52,53,54,55,56,57,58,59,60,61,62,63,64,65,66,67,68,69,70,71,72,73,74,75,76,77,78,79,80,81,82,83,84,85,87,88,89,90,91,92,93,94,95,97,98,99
8x
03,04,06,07,08,09,10,12,13,14,15,16,17,18,19,20,21,23,24,25,26,27,28,29,30,31,32,33,34,35,36,37,38,39,40,41,42,43,44,45,46,47,48,49,50,51,52,53,54,55,56,57,58,59,60,61,62,63,64,65,66,67,68,69,70,71,72,73,74,75,76,77,78,79,80,81,82,83,84,85,87,88,89,90,91,92,93,94,99
7x
03,04,08,09,14,15,16,17,18,19,20,21,23,24,25,26,27,28,29,30,31,32,33,34,35,36,37,38,39,40,41,42,43,44,45,46,47,48,49,50,51,52,53,54,55,56,57,58,59,60,61,62,63,64,65,66,67,68,69,70,71,72,73,74,75,76,77,78,79,80,81,83,84,85,88,89,90,91,99
6x
04,08,09,14,15,16,17,19,20,21,23,24,25,26,27,28,29,30,31,32,34,35,36,37,38,39,40,41,42,43,45,46,47,48,49,50,51,52,53,54,56,57,58,59,60,61,62,63,64,65,66,67,68,69,70,71,72,73,74,75,76,77,78,79,80,81,88,90,99
5x
16,17,19,20,21,23,24,25,26,27,28,29,30,31,32,34,35,36,37,38,39,40,41,42,43,45,46,47,48,49,50,51,52,53,54,56,57,58,59,60,61,62,63,64,65,66,67,68,69,70,71,72,73,75,77,80,88,90,99
4x
23,24,25,26,27,28,29,30,31,32,34,35,36,37,38,39,40,41,42,43,45,46,47,48,49,50,51,52,53,54,56,57,58,59,60,61,62,63,64,65,66,68,73,75,77,80,88,90,99
3x
28,29,30,31,32,34,35,36,37,38,39,40,41,42,43,45,46,47,48,49,50,51,52,53,56,57,60,61,63,65,66,68,73,75,77,80,88,90,99
2x
32,34,36,37,38,39,40,41,42,43,45,46,47,48,50,51,52,53,56,57,60,61,63,65,66,68,77,80,88
1x
32,34,39,42,43,45,46,47,48,50,51,52,53,61,65,66,77,80,88
0x
32,34,39,42,46,66,77,80,88
Author: truongco
Date: 16/8/23
Time: 21:35
==================================================
1x array: ['32', '34', '39', '42', '43', '45', '46', '47', '48', '50', '51', '52', '53', '61', '65', '66', '77', '80', '88']
Post 5:
Content:
9x
01,02,03,04,06,07,08,09,10,11,12,13,14,15,16,17,18,19,20,21,22,23,24,25,26,27,28,29,30,31,32,33,34,35,36,37,38,39,40,41,42,43,44,45,46,47,48,49,50,51,52,53,54,55,56,57,58,59,60,61,62,63,64,65,66,67,68,69,70,71,72,73,74,75,76,77,78,79,80,81,82,83,84,85,86,87,88,89,90,91,92,94,95,96,97,99
8x
02,03,06,07,08,09,10,11,12,13,14,15,16,17,18,19,20,21,22,23,24,25,26,27,28,29,30,31,32,33,34,35,36,37,38,39,40,41,42,43,44,45,46,47,48,49,51,52,53,54,56,57,58,59,60,61,62,63,64,65,66,67,68,69,70,72,73,74,75,77,78,79,80,81,82,83,85,86,87,88,90,91,92,94,95,96,97,99
7x
02,03,07,08,11,12,13,14,16,17,18,19,20,21,22,23,24,25,26,27,28,29,30,31,32,33,34,35,36,37,38,41,42,44,45,46,47,49,51,52,53,54,56,57,58,59,60,61,63,64,65,66,68,69,70,72,73,74,75,77,78,79,80,81,82,83,85,86,87,88,90,91,92,94,95,96,97,99
6x
02,03,07,08,11,13,14,16,18,19,20,22,23,24,25,27,28,29,30,31,32,33,35,36,37,38,41,42,44,46,47,49,52,53,57,58,60,61,63,64,65,66,68,69,70,72,73,74,75,77,78,79,80,81,82,83,85,86,87,88,90,91,92,94,95,96,97,99
5x
02,07,08,11,13,14,16,18,19,20,22,23,24,25,27,28,29,30,31,32,33,35,36,37,38,41,42,44,46,47,49,52,53,57,58,61,63,64,66,68,69,70,72,73,74,75,77,78,80,81,83,85,86,88,91,94,96,99
4x
02,07,11,13,14,16,18,19,20,22,23,24,25,27,28,29,31,32,33,36,37,38,41,44,46,49,52,57,61,63,64,66,68,69,70,72,75,77,80,81,83,85,86,88,91,94,96,99
3x
11,13,14,16,18,19,22,23,25,27,31,33,36,38,41,44,46,49,52,57,61,63,64,66,68,69,70,72,75,77,81,83,86,88,91,94,96,99
2x
11,13,14,16,18,19,22,27,31,36,41,46,52,57,61,64,66,69,70,72,75,77,83,88,91,94,96,99
1x
11,14,16,19,22,27,41,46,61,64,66,69,72,77,88,91,94,99
0x
14,19,22,27,61,66,72,77
Author: nghiasm
Date: 16/8/23
Time: 21:41
==================================================
1x array: ['11', '14', '16', '19', '22', '27', '41', '46', '61', '64', '66', '69', '72', '77', '88', '91', '94', '99']
Post 6:
Content:
9x
00,01,03,04,05,06,09,10,11,12,13,14,16,17,18,19,20,21,22,23,24,25,26,27,28,29,30,31,32,33,34,35,36,37,38,39,40,41,42,43,44,45,46,47,48,49,50,51,52,53,54,55,56,57,58,59,60,61,62,63,64,65,66,67,68,69,70,71,72,73,74,75,76,77,78,79,80,81,82,83,84,85,86,87,88,89,90,91,92,93,94,95,96,97,98,99
8x
00,03,04,05,06,09,10,11,12,13,14,16,18,19,20,21,22,23,24,25,26,27,28,29,30,31,32,34,35,36,37,39,40,41,42,43,44,45,46,47,48,49,50,51,53,54,55,56,57,59,60,61,62,63,64,65,67,68,69,70,71,72,73,74,75,76,77,78,79,80,81,82,83,84,85,86,87,88,89,91,92,93,94,95,96,97,98,99
7x
00,03,04,05,06,09,10,11,12,13,14,16,18,19,20,21,22,23,24,25,26,27,28,29,30,31,32,34,35,36,37,39,40,41,42,43,44,46,47,48,49,51,53,54,55,56,57,59,60,61,62,63,64,68,69,70,71,72,73,74,75,76,78,79,81,82,83,84,85,86,88,89,91,92,93,95,97,99
6x
00,03,05,06,12,14,16,18,20,21,22,23,24,25,26,27,29,30,31,32,34,35,36,37,39,40,41,42,43,44,46,47,48,49,51,53,54,55,56,57,59,60,61,62,63,64,69,70,71,72,73,74,75,76,78,81,82,84,85,86,88,89,91,92,93,95,97,99
5x
00,05,06,14,16,18,20,22,23,24,25,26,27,29,30,31,32,34,35,36,37,39,40,41,42,43,44,46,47,48,51,53,54,55,57,59,60,61,62,64,69,71,73,74,75,76,78,82,84,85,86,89,91,92,93,95,97,99
4x
00,05,06,14,16,18,20,22,23,24,25,26,27,29,30,31,32,34,35,36,37,40,42,43,44,46,47,48,51,54,55,57,60,61,64,69,71,73,74,75,76,78,82,84,92,95,97,99
3x
00,14,16,18,24,25,26,30,32,34,35,36,37,40,42,43,44,46,47,48,51,54,55,57,60,61,64,69,71,73,74,75,76,78,82,84,92,97
2x
00,14,16,18,24,25,26,30,32,34,36,37,40,42,43,54,55,57,64,69,71,73,75,78,82,84,92,97
1x
00,14,16,18,26,34,36,37,40,43,54,55,75,78,82,84,92,97
0x
36,37,40,43,54,55,75,78
Author: Ht0707
Date: 16/8/23
Time: 22:17
==================================================
1x array: ['00', '14', '16', '18', '26', '34', '36', '37', '40', '43', '54', '55', '75', '78', '82', '84', '92', '97']
Post 7:
Content:
9x
00,01,02,03,04,05,06,07,08,09,10,11,12,13,14,15,16,17,18,19,21,22,23,24,25,26,27,28,29,30,31,32,33,34,35,36,37,38,39,40,41,42,43,44,45,46,47,48,49,50,51,52,53,54,55,56,57,58,60,61,62,63,64,65,66,67,68,69,70,71,72,74,75,76,77,78,79,80,81,82,83,85,86,87,88,89,90,91,92,93,94,95,96,97,98,99
8x
00,01,02,03,04,05,06,07,08,09,10,11,12,13,14,16,17,18,19,21,22,23,24,25,26,27,28,29,31,32,33,34,35,36,37,38,39,40,41,42,43,44,45,47,48,49,50,51,53,54,56,57,58,60,61,62,63,64,65,66,67,68,69,71,72,74,75,76,77,78,79,80,82,83,85,86,87,88,89,90,91,93,94,95,96,97,98,99
7x
00,01,02,03,04,05,06,07,08,10,11,12,13,14,16,17,18,19,21,22,23,24,25,26,27,28,29,31,32,33,34,36,37,38,39,40,41,42,43,44,45,47,48,49,50,51,53,54,56,57,58,60,61,62,63,66,67,68,69,71,72,74,75,77,80,83,85,86,88,89,90,91,93,94,95,97,98,99
6x
03,05,06,07,08,10,11,12,13,16,17,19,21,22,23,24,26,27,28,29,31,32,34,36,37,38,40,41,42,43,44,45,47,48,49,50,51,53,54,56,57,58,60,61,62,63,67,68,69,71,72,74,75,77,80,83,85,86,88,89,90,91,93,94,95,97,98,99
5x
03,05,06,07,08,11,12,13,16,17,19,22,23,24,27,28,29,31,32,36,38,41,42,43,44,45,47,48,49,50,51,53,54,56,57,58,60,61,62,63,67,68,69,71,72,74,75,77,80,83,85,86,89,93,94,95,98,99
4x
03,05,06,07,08,11,12,13,16,17,19,22,23,24,27,28,29,31,32,36,38,41,43,45,47,48,49,50,51,53,54,56,57,58,61,62,63,67,69,72,74,85,89,93,94,95,98,99
3x
03,05,06,07,13,16,19,22,23,24,27,28,29,31,32,36,38,41,43,45,47,48,49,50,51,53,56,62,67,69,72,74,85,93,94,95,98,99
2x
03,05,06,07,16,19,32,36,41,43,45,48,49,50,51,53,56,62,67,69,72,74,85,93,94,95,98,99
1x
05,06,07,16,19,36,43,45,49,51,53,56,67,69,72,74,85,99
0x
19,36,43,45,49,51,53,56
Author: DINH_XUAN_THU
Date: 16/8/23
Time: 22:37
==================================================
1x array: ['05', '06', '07', '16', '19', '36', '43', '45', '49', '51', '53', '56', '67', '69', '72', '74', '85', '99']
Post 8:
Content:
9x
00,01,03,04,05,06,07,08,09,10,11,12,14,15,16,18,20,21,22,23,24,25,26,27,28,29,30,31,32,33,34,35,36,37,38,39,40,41,42,43,44,45,46,47,48,49,50,51,52,53,54,55,56,58,59,60,61,62,63,64,65,66,67,68,69,70,71,72,73,74,75,76,77,78,79,80,81,82,83,84,85,86,87,88,89,90,91,92,93,94,95,96,97,98,99
8x
00,01,03,04,05,06,07,08,09,10,12,14,15,16,18,21,22,23,24,25,26,27,28,29,30,31,32,34,35,36,38,39,40,41,42,43,44,45,46,47,48,49,50,51,52,53,54,55,56,58,60,61,62,63,64,65,66,67,68,69,70,71,72,73,74,75,76,78,79,80,81,82,83,84,85,86,87,88,89,90,91,92,93,94,95,96,98,99
7x
00,01,03,04,05,06,07,08,09,10,14,15,18,21,23,24,25,27,28,29,30,32,34,35,36,38,40,41,42,43,44,45,46,47,48,49,50,51,52,53,54,55,56,58,60,61,62,63,64,65,66,67,68,69,70,71,72,73,74,76,78,80,81,82,83,84,85,86,87,88,89,90,91,92,93,94,96,98
6x
00,01,03,04,05,06,07,08,09,10,14,15,18,21,23,24,25,29,30,32,34,35,36,38,40,41,43,44,45,46,47,48,49,50,51,53,54,55,56,58,60,61,63,64,65,67,68,69,70,72,74,76,78,80,81,82,83,84,85,86,87,88,89,90,92,94,96,98
5x
00,01,03,04,05,07,08,09,10,15,21,23,29,30,32,34,35,36,38,40,41,43,44,45,47,48,49,50,51,53,54,55,58,60,61,63,64,65,69,70,72,74,76,78,80,81,83,84,85,86,87,88,89,90,92,94,96,98
4x
00,01,03,05,09,10,21,30,32,34,35,36,38,40,41,43,44,45,49,50,51,53,54,55,58,60,61,63,69,70,72,74,76,78,80,81,83,84,85,86,87,88,89,90,92,94,96,98
3x
00,01,03,09,10,30,34,35,38,40,41,43,49,50,51,53,60,61,63,69,70,72,74,76,78,80,81,83,84,85,87,88,89,90,92,94,96,98
2x
00,01,03,30,34,35,38,40,41,50,51,53,60,61,70,74,76,78,80,81,83,84,85,89,90,94,96,98
1x
00,01,30,35,50,51,70,74,78,80,81,83,85,89,90,94,96,98
0x
30,70,80,81,83,90,94,98
Author: anhthanhnien8x
Date: 16/8/23
Time: 22:56
==================================================
1x array: ['00', '01', '30', '35', '50', '51', '70', '74', '78', '80', '81', '83', '85', '89', '90', '94', '96', '98']
Post 9:
Content:
9x
01,02,03,04,05,06,07,08,09,10,12,13,14,15,16,17,18,19,20,21,22,23,24,25,26,27,28,29,30,31,32,33,34,35,36,37,38,39,40,41,42,43,44,45,46,47,48,49,50,51,52,53,54,55,56,57,58,59,60,61,62,63,64,65,66,67,68,69,70,71,72,73,74,75,76,77,78,79,80,81,82,83,84,85,86,88,89,90,91,92,93,95,96,97,98,99
8x
01,03,04,05,06,07,08,09,10,12,13,14,15,16,17,18,19,20,21,23,24,25,26,27,28,29,30,31,32,33,34,35,36,37,38,39,40,41,42,43,44,45,46,47,48,49,50,51,52,53,54,55,56,57,59,60,61,62,63,64,65,67,68,69,70,71,72,73,74,75,76,79,80,81,82,84,86,88,89,90,91,92,93,95,96,97,98,99
7x
01,03,04,05,06,08,09,10,12,13,14,15,16,17,18,19,21,23,25,26,27,28,30,31,32,33,34,35,36,37,38,39,40,41,43,44,45,46,47,48,50,51,52,54,55,56,57,59,60,61,62,64,65,67,68,69,70,72,73,74,75,76,79,80,81,82,84,86,88,89,90,91,92,95,96,97,98,99
6x
01,03,04,05,08,09,10,12,13,14,15,17,18,19,21,23,25,28,30,31,33,34,37,40,41,43,44,45,46,47,48,50,51,52,54,55,56,57,59,60,61,62,64,65,67,68,69,72,73,74,75,76,79,80,81,82,84,86,88,89,90,91,92,95,96,97,98,99
5x
01,03,04,05,08,09,10,12,14,15,17,18,19,21,23,25,28,30,34,37,40,41,43,44,45,46,47,48,50,51,52,54,55,56,57,59,64,65,67,68,69,72,73,74,75,76,79,80,81,82,84,86,90,92,95,96,97,99
4x
01,03,05,09,10,12,14,15,17,18,19,25,30,34,37,41,43,44,45,46,47,48,50,51,52,54,55,56,59,64,65,67,68,69,72,73,74,76,79,80,82,84,86,90,95,96,97,99
3x
01,03,05,09,10,14,15,18,19,25,30,34,37,41,43,45,46,47,48,50,51,52,54,55,56,59,64,65,67,68,73,74,76,80,82,95,97,99
2x
03,05,09,10,14,15,18,30,34,37,43,46,48,50,51,55,56,59,64,65,67,68,73,74,80,82,95,99
1x
03,05,09,10,15,30,34,37,43,46,48,50,51,55,56,64,65,99
0x
15,30,34,37,43,46,48,50
Author: X2X3X4
Date: 17/8/23
Time: 00:02
==================================================
1x array: ['03', '05', '09', '10', '15', '30', '34', '37', '43', '46', '48', '50', '51', '55', '56', '64', '65', '99']
Post 11:
Content:
Thống kê

Chen ngang
Tháng 8

Chen ngang
9x
00,,01,02,03,04,05,06,07,08,09,10,11,12,13,14,15,16,17,18,19,20,21,22,23,24,25,26,27,28,29,30,31,32,33,34,35,36,37,38,39,40,41,42,43,44,45,46,47,48,49,50,51,52,53,54,55,56,57,58,59,60,61,62,63,65,66,67,68,69,70,72,73,74,75,76,77,78,79,80,81,82,83,84,85,86,87,88,90,92,93,94,95,96,97,99
8x
00,,01,02,03,04,05,06,07,08,09,10,11,12,13,14,15,16,17,18,20,21,22,23,25,27,28,29,30,32,33,34,35,36,37,38,39,40,41,43,44,45,47,48,49,50,51,52,53,54,55,56,57,58,59,60,61,63,65,66,67,68,69,70,72,73,74,75,76,77,78,79,80,81,82,83,84,85,86,87,88,90,92,93,94,95,96,97,99
7x
00,,01,02,03,04,05,06,07,08,09,10,11,12,14,15,16,18,20,21,22,23,25,27,28,29,30,32,33,34,35,36,37,38,39,40,41,43,44,45,47,48,49,50,51,52,53,54,55,56,57,58,59,60,61,63,65,66,67,68,69,70,72,73,74,75,76,77,78,79,80,82,83,85,90,94,95,97,99
6x
00,,01,02,03,04,05,06,07,08,09,10,11,12,14,15,16,18,20,21,22,23,25,27,28,29,30,32,33,34,35,36,37,38,39,40,41,43,44,45,47,49,50,52,53,54,55,57,58,59,61,63,67,70,72,73,75,76,77,79,80,82,83,85,90,94,95,97,99
5x
00,,01,02,03,04,05,06,07,08,09,11,16,20,22,23,25,27,28,30,32,33,34,35,36,37,38,40,43,44,45,49,50,52,53,54,55,57,58,59,61,63,67,70,72,73,75,76,77,79,80,82,83,85,90,94,95,97,99
4x
00,,02,03,04,05,07,08,09,11,16,20,22,23,25,27,28,30,32,33,34,35,36,37,38,40,44,45,49,50,52,53,54,55,57,58,59,70,73,75,77,79,80,85,90,94,95,97,99
3x
00,,02,03,04,05,07,08,09,20,25,30,33,35,37,40,44,45,49,50,52,53,54,55,57,58,59,70,73,75,77,79,80,85,90,94,95,97,99
2x
00,,02,03,04,05,07,08,09,20,25,30,33,35,37,40,44,45,49,50,52,53,54,55,57,58,70,77,90
1x
00,,02,03,04,05,07,08,09,20,25,30,33,40,50,55,70,77,90
0x
00,,03,05,07,30,50,55,70
Author: TMB
Date: 17/8/23
Time: 00:27
==================================================
1x array: ['00', '02', '03', '04', '05', '07', '08', '09', '20', '25', '30', '33', '40', '50', '55', '70', '77', '90']
Post 13:
Content:
9x
00,01,02,04,05,06,07,08,09,10,11,12,13,14,15,16,17,18,21,22,23,24,25,26,27,28,29,30,31,32,33,34,35,36,37,38,39,40,41,42,43,44,45,46,47,48,49,50,51,52,53,54,55,56,57,58,59,60,61,62,63,64,65,66,67,68,69,70,71,72,73,74,75,76,77,78,79,80,81,82,83,84,85,86,87,88,89,90,91,92,93,96,97,98,99
8x
00,01,02,04,05,06,07,08,09,10,11,12,13,14,15,16,17,18,21,22,25,26,27,28,29,31,32,33,34,35,37,38,39,40,42,43,44,45,46,47,48,49,50,51,52,53,54,55,56,57,59,60,61,62,63,64,65,66,67,68,69,70,71,72,73,74,75,76,77,78,79,80,81,82,83,85,86,87,88,89,90,91,92,93,96,97,98,99
7x
02,06,07,10,11,12,13,14,15,16,17,18,21,22,25,26,27,28,29,31,32,33,34,35,37,38,39,40,42,43,44,45,46,47,48,49,50,51,52,53,54,55,56,57,59,60,61,62,63,64,65,66,67,68,69,70,71,72,73,74,75,76,77,78,79,80,81,82,83,86,87,89,91,92,96,97,98,99
6x
02,06,07,12,15,17,18,21,28,31,32,33,34,35,37,38,39,40,42,43,44,45,46,47,48,49,50,51,52,53,54,55,56,57,59,60,61,62,63,64,65,66,67,68,69,70,71,72,73,74,75,76,77,78,79,80,81,82,83,86,87,89,91,92,96,97,98,99
5x
02,06,07,12,15,17,18,21,28,33,34,42,43,44,45,47,48,49,50,51,52,53,54,55,59,60,61,62,63,64,65,66,67,68,69,70,71,72,73,74,75,76,77,78,79,80,81,82,83,86,87,89,91,92,96,97,98,99
4x
02,06,07,12,15,17,18,21,28,33,34,42,43,44,45,47,48,49,50,51,52,53,54,55,60,61,62,63,64,65,67,68,69,72,74,75,76,77,78,79,80,81,82,89,96,97,98,99
3x
28,33,34,42,43,44,45,47,48,49,50,51,52,53,54,55,60,61,62,63,64,65,67,68,69,72,74,75,76,77,78,79,80,81,82,89,98,99
2x
50,51,52,53,54,55,60,61,62,63,64,65,67,68,69,72,74,75,76,77,78,79,80,81,82,89,98,99
1x
64,65,67,68,69,72,74,75,76,77,78,79,80,81,82,89,98,99
0x
78,79,80,81,82,89,98,99
Author: ruabi004
Date: 17/8/23
Time: 08:02
==================================================
1x array: ['64', '65', '67', '68', '69', '72', '74', '75', '76', '77', '78', '79', '80', '81', '82', '89', '98', '99']
Post 14:
Content:
9x
00,01,02,03,04,06,07,08,09,10,11,12,13,14,15,16,17,18,19,20,21,22,23,24,25,26,27,28,29,30,31,32,33,34,35,36,37,38,39,40,41,42,43,44,45,46,47,48,49,50,51,52,53,54,55,56,57,58,59,60,61,62,63,64,65,66,67,68,69,70,71,72,73,74,75,76,77,78,79,80,81,82,83,84,86,87,88,89,91,92,93,95,96,97,98
8x
02,03,06,07,08,09,10,11,12,13,14,15,16,17,18,19,20,21,22,23,24,25,26,27,28,29,30,31,32,33,34,35,36,37,38,39,40,41,42,43,44,45,46,47,48,49,50,51,52,53,54,55,56,57,58,59,60,61,62,63,64,65,66,67,68,69,70,71,73,74,75,77,78,79,82,83,84,86,87,88,89,91,92,93,95,96,97,98
7x
02,03,06,08,09,11,12,15,17,18,19,20,21,22,23,24,25,26,27,28,29,30,31,32,33,34,35,36,37,38,39,40,41,42,43,44,45,46,47,48,49,50,51,52,53,54,55,56,57,59,60,61,64,65,66,68,69,70,73,74,75,77,78,79,82,83,84,86,87,88,89,91,92,93,95,96,97,98
6x
02,03,06,08,09,11,12,15,17,18,20,21,24,26,27,29,30,31,32,33,34,35,36,37,38,39,40,41,42,43,46,47,48,50,51,52,55,56,57,59,60,61,64,65,66,68,69,70,73,74,75,77,78,79,82,83,84,86,87,88,89,91,92,93,95,96,97,98
5x
02,03,06,08,09,11,12,15,17,18,20,21,24,26,27,30,33,35,38,39,42,47,48,50,51,52,55,56,57,59,60,61,64,65,66,68,69,70,73,74,75,77,78,79,82,83,84,86,87,88,89,91,92,93,95,96,97,98
4x
02,03,06,08,09,11,12,15,17,18,20,24,33,39,42,47,48,51,57,59,60,61,64,65,66,68,69,70,73,74,75,77,78,79,82,83,84,86,87,88,89,91,92,93,95,96,97,98
3x
02,03,06,11,15,20,24,33,39,42,48,51,57,59,60,61,64,65,66,68,69,70,73,74,75,77,78,79,82,83,86,87,89,91,92,95,96,98
2x
02,06,11,15,20,24,33,39,42,48,51,57,60,66,69,70,73,78,82,83,86,87,89,91,92,95,96,98
1x
02,06,11,15,20,24,33,39,42,48,51,78,89,91,92,95,96,98
0x
02,06,11,15,20,24,96,98
Author: hungha2016
Date: 17/8/23
Time: 08:33
==================================================
1x array: ['02', '06', '11', '15', '20', '24', '33', '39', '42', '48', '51', '78', '89', '91', '92', '95', '96', '98']
Post 15:
Content:
9x
00,01,02,03,04,05,06,07,08,09,10,11,13,14,15,16,17,18,19,20,21,22,23,24,25,26,27,28,29,30,31,32,33,34,35,36,37,38,39,40,41,42,43,44,45,46,47,48,49,50,51,52,53,54,55,56,57,58,59,60,61,62,63,65,66,67,68,69,70,71,72,73,74,75,76,77,78,79,80,81,82,83,85,86,87,88,89,90,91,93,94,95,96,97,98,99
8x
00,01,02,03,05,06,07,08,09,10,11,13,14,15,16,17,19,20,21,22,23,24,25,26,27,28,29,30,31,32,33,34,35,36,37,38,40,41,42,43,45,46,47,48,49,50,52,53,54,56,57,58,59,60,61,62,63,65,67,68,69,70,71,72,73,74,75,76,77,78,79,80,81,82,85,86,87,88,89,90,91,93,94,95,96,97,98,99
7x
00,01,02,03,05,06,07,08,09,10,11,13,14,15,16,17,19,20,21,22,23,24,25,27,28,29,31,32,35,36,37,38,40,41,42,43,45,46,47,49,50,52,54,56,57,58,59,60,61,62,63,65,67,68,69,70,71,72,73,75,76,77,78,79,81,85,86,87,88,89,90,91,94,95,96,97,98,99
6x
00,02,03,05,06,09,10,11,13,14,15,16,17,19,20,22,23,24,25,27,28,31,32,35,36,37,38,40,41,42,43,45,46,47,49,50,52,54,56,57,58,60,61,62,65,67,68,69,70,71,72,73,75,76,77,81,85,86,87,88,89,90,91,94,95,96,97,99
5x
00,02,03,05,06,09,10,11,13,14,15,16,17,19,22,23,24,27,28,31,32,35,36,37,38,40,41,42,43,45,49,50,52,56,57,58,60,61,62,67,68,69,70,72,75,76,77,81,85,87,88,89,91,94,95,96,97,99
4x
00,02,03,05,06,09,11,13,14,16,17,19,22,23,24,27,28,32,35,36,37,40,41,42,43,45,49,52,56,57,58,60,61,62,68,69,70,72,75,76,77,81,85,87,91,96,97,99
3x
00,02,05,06,09,11,13,16,22,23,24,28,32,35,37,40,41,42,45,49,52,56,57,58,60,61,68,69,70,76,77,81,85,87,91,96,97,99
2x
00,05,09,11,13,16,22,23,24,28,32,35,37,40,41,42,45,49,52,58,61,68,70,76,85,87,96,99
1x
00,13,16,22,23,28,32,37,41,42,49,61,68,70,85,87,96,99
0x
00,13,22,23,28,41,68,87
Author: thanhha3112
Date: 17/8/23
Time: 08:45
==================================================
1x array: ['00', '13', '16', '22', '23', '28', '32', '37', '41', '42', '49', '61', '68', '70', '85', '87', '96', '99']
Post 18:
Content:
Chen ngang: Tk
9x:
00,01,02,03,04,05,06,07,08,09,10,11,12,13,14,15,16,17,18,20,21,22,23,24,25,26,27,28,29,30,31,32,33,34,35,36,37,38,39,40,41,42,43,44,45,46,47,48,49,50,51,52,53,54,55,56,57,58,59,60,61,62,63,64,65,66,67,68,69,70,71,72,73,74,75,76,77,78,79,80,81,82,83,84,85,86,87,88,89,90,91,92,93,94,95,96,97,98,99
8x:
00,01,02,03,04,05,06,07,08,09,10,11,12,13,15,16,17,18,20,21,22,23,24,25,26,27,28,29,30,31,32,33,34,35,36,37,38,39,40,42,43,44,45,47,48,50,51,52,53,54,55,56,57,58,59,60,61,62,63,65,66,67,68,70,71,72,73,74,75,76,77,78,79,80,81,82,83,84,85,86,87,88,89,90,92,93,95,97,98
7x:
02,03,04,07,08,09,11,12,13,15,16,17,18,20,21,22,23,24,25,26,27,28,29,30,31,32,34,35,36,37,38,39,40,42,43,45,47,48,51,52,53,54,56,57,58,59,61,62,63,65,66,67,68,70,71,72,73,74,75,76,77,78,79,80,81,82,83,84,85,86,87,88,89,90,92,93,95,97,98
6x:
02,03,04,07,08,09,12,13,17,18,20,21,22,23,24,25,26,27,28,29,30,31,32,34,35,36,37,39,40,42,43,45,47,48,52,53,54,56,57,58,59,62,63,67,68,70,71,72,73,74,75,76,77,78,79,80,81,82,84,85,86,87,89,90,92,93,95,97,98
5x:
02,04,07,09,12,13,17,18,20,21,22,23,24,25,26,27,28,29,31,32,34,36,37,39,42,43,45,47,48,52,54,57,58,62,63,67,68,70,71,72,73,74,75,76,77,78,79,81,82,84,85,86,87,89,90,92,93,97,98
4x:
02,07,12,17,20,21,22,23,24,25,26,27,28,29,32,34,36,37,39,42,43,47,48,52,57,58,62,63,67,68,70,71,72,73,74,75,76,77,78,79,82,84,85,87,89,92,93,97,98
3x:
02,07,20,21,22,23,24,25,26,27,28,29,32,34,37,39,42,43,47,48,52,57,62,68,70,72,73,74,75,78,79,82,84,87,89,92,93,97,98
2x:
02,07,20,23,24,25,28,29,32,34,37,42,43,47,48,52,57,70,73,74,75,78,79,82,84,87,89,92,97
1x:
02,07,20,23,25,29,34,37,47,52,57,73,74,75,78,79,87,92,97
0x:
02,20,25,34,47,52,57,74,75
Author: emvatoi213
Date: 17/8/23
Time: 09:41
==================================================
1x array: ['07', '20', '23', '25', '29', '34', '37', '47', '52', '57', '73', '74', '75', '78', '79', '87', '92', '97']
Post 19:
Content:
9x
00,01,02,03,04,05,06,07,08,09,10,12,13,15,16,17,18,19,20,21,22,23,24,26,27,28,29,30,31,32,33,34,35,36,37,38,39,40,42,43,44,46,47,48,49,50,51,52,53,54,55,56,57,58,59,60,61,62,63,64,65,66,67,68,69,70,71,72,73,74,75,76,77,78,79,80,81,82,83,84,85,86,87,88,89,90,91,92,93,94,95,96,97,98,99
8x
01,02,03,04,05,06,07,08,09,10,12,13,15,16,17,18,19,20,21,22,23,24,26,27,28,29,30,31,32,33,34,35,36,37,38,39,40,42,43,46,47,48,49,50,51,52,53,54,55,56,57,58,59,61,62,63,64,65,66,67,68,69,70,71,72,73,74,75,76,77,78,79,80,81,82,84,86,87,88,89,90,91,92,93,95,96,97,98
7x
01,02,03,04,05,06,07,09,12,13,15,16,17,18,19,20,21,22,23,24,26,27,28,29,31,33,34,36,37,42,43,46,47,48,49,50,51,52,55,56,57,58,59,61,62,63,64,65,66,67,68,69,70,71,72,73,74,75,76,77,78,79,80,81,82,84,86,87,88,89,90,91,92,93,95,96,97,98
6x
03,04,05,06,07,09,12,13,15,16,17,18,19,20,21,22,23,24,26,27,28,29,31,33,34,36,37,42,43,46,47,48,49,50,51,52,55,57,59,61,62,63,64,65,66,68,69,71,72,73,74,75,76,77,78,79,81,82,84,86,87,88,89,90,91,92,97,98
5x
03,04,05,07,09,12,13,15,16,17,18,19,21,23,24,26,27,28,29,31,34,36,37,43,46,47,49,50,51,52,55,57,61,62,63,64,65,68,69,71,72,73,74,75,76,78,79,81,82,84,86,87,89,90,91,92,97,98
4x
03,04,05,13,15,16,17,18,19,21,23,24,26,27,28,29,31,34,36,37,43,46,47,49,51,52,55,57,61,62,63,64,65,68,69,71,72,73,75,76,79,81,86,87,89,92,97,98
3x
04,05,11,15,17,18,19,21,23,26,28,29,31,34,36,37,46,47,49,51,52,55,57,61,62,63,65,68,71,72,73,75,76,79,81,86,97,98
2x
04,05,18,21,23,31,34,37,46,49,51,52,55,57,61,62,63,65,68,71,72,75,76,79,81,86,97,98
1x
04,05,18,21,23,31,51,52,57,62,63,65,68,71,72,75,76,81
0x
23,31,52,57,63,68,71,75
Author: COTHUONG56789
Date: 17/8/23
Time: 10:27
==================================================
1x array: ['04', '05', '18', '21', '23', '31', '51', '52', '57', '62', '63', '65', '68', '71', '72', '75', '76', '81']
Post 12:
Content:
9x
00,01,02,03,04,05,06,07,08,09,10,11,12,13,14,15,16,17,18,19,20,21,23,24,25,26,27,28,29,30,32,33,34,35,36,37,38,40,41,42,43,44,45,46,47,48,49,50,51,52,53,54,55,56,57,58,59,60,61,62,63,64,65,67,68,69,70,71,72,73,74,75,76,77,78,79,80,81,82,83,84,85,86,87,88,89,90,91,92,94,95,96,97,98,99
8x
00,01,02,03,04,05,06,07,08,09,10,12,14,15,16,17,19,20,21,23,25,26,27,28,29,30,32,34,35,36,37,38,40,41,42,43,44,45,46,47,48,49,50,52,53,54,55,56,57,58,59,60,61,62,63,64,65,67,68,69,70,71,72,73,74,75,76,78,79,80,81,82,83,84,85,86,87,88,89,90,91,92,94,95,96,97,98,99
7x
00,01,02,03,04,06,07,08,10,12,14,16,17,19,20,21,23,25,26,28,29,30,32,34,35,36,37,38,40,41,43,44,45,46,47,48,49,52,53,54,55,56,57,58,59,60,61,62,63,64,65,67,68,69,70,71,72,73,74,75,76,78,79,80,82,83,85,86,87,90,91,92,94,95,96,97,98,99
6x
00,01,02,03,04,06,08,10,12,14,16,17,19,20,21,23,25,26,28,29,30,32,34,35,36,37,38,40,41,43,44,45,46,47,49,52,53,54,55,56,59,61,62,63,64,65,67,68,70,71,73,74,76,78,79,80,82,83,85,86,87,91,92,94,95,96,97,99
5x
00,01,02,03,08,12,14,17,19,20,21,23,25,28,30,32,34,35,36,37,38,40,41,43,45,47,49,52,53,54,55,56,59,61,62,63,64,65,67,68,70,71,73,74,76,78,79,80,82,85,86,91,92,94,95,96,97,99
4x
00,01,02,03,08,12,14,17,19,21,25,28,30,34,35,36,37,41,43,45,49,52,53,54,59,61,62,63,64,67,68,70,71,73,74,76,79,80,82,85,86,91,92,94,95,96,97,99
3x
00,03,08,12,14,17,19,21,28,30,34,35,36,37,41,45,49,52,53,54,63,67,68,70,71,73,76,80,82,85,86,91,92,94,95,96,97,99
2x
00,08,12,14,17,19,21,28,35,36,37,41,45,49,52,53,54,63,68,71,73,80,82,86,91,92,94,99
1x
08,17,19,28,35,36,37,41,49,63,68,71,73,80,82,86,91,94
0x
19,37,49,71,73,82,91,94
Author: DYH00011
Date: 16/8/23
Time: 18:34
==================================================
1x array: ['08', '17', '19', '28', '35', '36', '37', '41', '49', '63', '68', '71', '73', '80', '82', '86', '91', '94']
Post 13:
Content:
9x
01,02,03,06,07,08,09,10,11,12,13,14,15,16,17,18,19,20,21,23,24,25,26,27,28,29,30,31,32,33,34,35,36,37,38,39,40,41,42,43,44,45,46,47,48,49,50,51,52,53,54,55,56,57,58,59,60,61,62,63,64,65,66,67,68,69,70,71,72,73,74,75,76,77,78,79,80,81,82,83,84,85,86,87,88,89,90,91,92,93,94,95,96,97,98,99
8x
02,03,06,08,09,13,14,17,18,19,20,21,23,24,25,26,27,28,29,30,31,32,33,34,35,36,37,38,39,40,41,42,43,44,45,46,47,48,49,50,51,52,53,54,55,56,57,58,59,60,61,62,63,64,65,66,67,68,69,70,71,72,73,74,75,76,77,78,79,80,81,82,83,84,85,86,87,88,89,90,91,92,93,94,95,96,97,98,99
7x
02,03,06,09,18,20,21,24,25,26,27,28,29,30,31,32,33,34,35,36,37,38,39,40,41,42,43,45,46,47,48,49,50,51,52,53,54,55,56,57,58,59,61,62,63,64,65,66,67,68,69,70,71,72,73,74,75,76,77,78,79,80,81,84,85,86,87,88,89,90,91,92,93,94,95,96,97,98,99
6x
02,03,06,09,18,20,24,25,26,27,28,29,30,32,33,34,35,36,37,38,40,41,42,43,45,47,48,50,51,52,53,54,55,56,57,58,59,61,62,63,64,65,66,67,68,69,70,71,72,73,74,75,76,77,79,81,84,85,87,88,89,90,91,93,94,95,96,97,98
5x
02,03,09,18,24,25,27,28,29,30,32,33,34,35,36,37,38,40,42,43,45,47,50,52,53,54,55,57,59,61,62,63,65,66,67,69,70,71,72,73,74,75,76,77,79,81,84,85,87,88,89,90,91,93,94,95,96,97,98
4x
02,27,28,30,32,33,34,35,36,37,38,40,42,43,45,47,50,52,53,54,55,57,59,61,62,63,65,66,67,69,71,72,73,74,75,76,77,79,81,84,85,87,91,93,94,95,96,97,98
3x
02,27,28,30,32,33,34,35,36,37,38,40,42,43,45,47,50,52,57,62,63,65,66,67,69,71,75,77,81,84,85,87,91,93,94,95,96,97,98
2x
02,28,30,32,34,35,36,37,38,42,43,47,50,52,57,62,63,65,66,67,69,71,75,77,91,93,96,97,98
1x
02,30,32,35,36,37,38,42,43,47,50,62,65,67,69,75,93,96,97
0x
02,30,32,37,38,50,69,93,96
Author: Chamy1108
Date: 16/8/23
Time: 18:39
==================================================
1x array: ['02', '30', '32', '35', '36', '37', '38', '42', '43', '47', '50', '62', '65', '67', '69', '75', '93', '96', '97']
Post 14:
Content:
9x
00,01,03,04,05,07,08,09,10,11,12,13,14,15,16,17,18,19,20,21,22,23,24,25,26,27,28,29,30,31,32,33,34,35,36,37,38,39,40,41,42,43,44,45,46,47,48,49,50,51,52,53,54,55,56,57,58,59,60,61,62,63,64,65,66,67,68,69,70,71,72,73,74,75,76,77,78,79,80,81,82,83,84,85,87,88,89,90,91,92,94,95,96,97,98,99
8x
00,03,04,05,07,08,09,11,12,13,14,15,16,17,18,20,21,22,23,26,27,28,29,30,31,32,33,34,35,36,38,39,40,41,42,43,44,45,46,47,48,49,50,51,53,54,56,57,58,59,60,61,62,63,64,65,66,67,68,69,70,71,72,73,74,75,76,77,78,79,80,81,82,83,84,85,87,88,89,90,91,92,94,95,96,97,98,99
7x
00,07,08,09,11,12,13,14,15,18,20,21,22,23,26,27,28,29,30,31,32,33,34,35,36,38,39,40,41,42,43,44,45,46,47,48,49,51,53,54,56,57,58,59,60,61,62,63,64,65,66,67,68,69,70,71,72,74,75,76,77,78,79,80,81,82,83,84,85,87,88,89,90,91,92,95,96,99
6x
00,07,08,09,12,15,18,20,23,26,27,28,29,30,31,32,33,34,35,36,38,39,40,41,42,43,44,45,46,47,48,49,51,53,54,56,57,58,59,60,61,62,63,64,65,66,67,68,69,70,71,72,74,75,76,77,78,79,80,81,82,83,84,85,88,92,95,99
5x
00,07,08,09,12,15,18,20,27,28,30,31,32,33,34,35,36,38,39,40,41,42,44,45,46,47,48,51,53,54,56,57,58,59,60,61,62,63,64,65,66,67,68,69,70,71,72,74,75,76,77,81,82,83,88,92,95,99
4x
00,07,08,09,12,15,18,20,27,28,30,31,32,33,34,35,36,38,39,40,41,42,44,45,46,47,48,51,54,56,59,60,61,63,64,66,67,68,69,75,76,81,82,83,88,92,95,99
3x
00,07,08,09,12,15,18,20,27,28,30,31,32,33,34,35,36,38,39,40,41,42,44,45,46,47,48,51,54,56,59,81,82,83,88,92,95,99
2x
00,07,08,09,12,15,18,20,27,28,30,31,32,33,34,35,36,38,39,40,41,42,44,45,46,47,95,99
1x
09,12,15,18,20,27,28,30,31,32,33,34,35,36,38,39,40,41
0x
27,28,30,31,32,33,34,35
Author: Xomchua2
Date: 16/8/23
Time: 18:41
==================================================
1x array: ['09', '12', '15', '18', '20', '27', '28', '30', '31', '32', '33', '34', '35', '36', '38', '39', '40', '41']
Post 15:
Content:
9x
00,01,02,03,04,05,06,07,08,09,10,11,12,13,14,15,16,17,18,19,20,21,22,23,24,25,26,27,28,30,31,32,33,34,35,36,37,39,40,41,42,43,44,45,46,48,49,50,51,52,53,54,55,56,57,58,59,60,61,62,63,64,65,66,67,68,69,70,71,72,73,75,76,77,78,79,80,81,82,84,85,86,87,88,89,90,91,93,94,95,96,97,98,99
8x
00,01,02,03,04,05,06,07,08,09,10,11,12,13,14,15,16,18,19,20,21,22,23,24,25,26,27,28,30,31,32,33,34,36,37,40,41,42,43,44,45,46,48,49,50,51,52,53,54,55,56,57,58,60,61,62,63,64,65,66,67,68,69,70,71,73,75,76,77,78,80,81,82,84,85,86,87,88,89,90,91,93,95,96,97,98,99
7x
00,01,02,03,04,05,06,07,08,09,10,11,12,13,14,15,16,18,19,20,21,22,24,26,27,28,30,32,33,34,36,37,40,41,42,44,45,48,49,50,52,53,54,56,57,58,60,61,62,63,64,65,66,67,68,69,70,71,73,75,76,77,78,80,81,82,84,85,86,87,89,90,91,93,95,96,97,98,99
6x
00,01,02,03,04,05,06,07,08,09,10,11,13,14,15,16,18,20,21,22,24,26,27,28,30,32,33,34,36,37,40,41,42,44,45,48,49,50,52,53,54,56,57,58,60,61,62,63,64,65,66,67,68,69,70,75,76,80,81,82,84,85,86,89,90,96,99
5x
00,01,02,03,04,05,06,07,08,09,10,11,13,14,15,16,18,20,21,22,24,26,27,28,30,32,33,34,36,40,41,42,44,45,50,52,56,58,60,62,63,64,66,69,70,75,76,80,81,85,86,89,90,96,99
4x
00,01,02,03,04,05,06,07,08,09,10,11,13,20,21,22,24,26,27,30,32,36,40,41,42,44,45,50,52,56,58,60,62,63,64,66,69,70,75,76,80,81,85,86,89,90,96,99
3x
00,01,02,03,04,05,06,07,08,09,10,11,13,20,21,22,24,26,27,30,32,36,40,41,42,44,45,50,52,56,58,60,62,63,64,66,70,80,90
2x
00,01,02,03,04,05,06,07,08,09,10,11,13,20,21,24,26,27,30,32,36,40,41,42,50,60,70,80,90
1x
00,01,02,03,04,05,06,07,08,09,10,20,30,40,50,60,70,80,90
0x
00,10,20,30,40,50,60,80,90
Author: lodetoantoach2021
Date: 16/8/23
Time: 18:52
==================================================
1x array: ['00', '01', '02', '03', '04', '05', '06', '07', '08', '09', '10', '20', '30', '40', '50', '60', '70', '80', '90']
Post 16:
Content:
9x
00,01,02,03,04,05,06,07,08,09,10,11,12,13,14,15,16,17,18,19,20,21,23,24,25,26,27,28,29,30,31,32,34,35,36,37,38,39,40,41,42,43,44,45,46,47,48,49,50,51,52,53,54,55,56,57,58,59,60,61,62,63,64,65,66,67,68,69,70,71,72,73,74,75,76,77,78,79,80,81,82,83,84,85,86,87,88,89,90,91,93,94,95,96,97,99
8x
00,01,02,03,04,05,06,07,08,09,10,11,12,13,14,15,16,17,19,20,21,24,25,26,27,28,29,30,31,32,34,35,36,37,39,40,41,42,43,45,46,47,48,49,50,51,52,53,54,55,56,57,58,59,60,61,62,63,64,65,66,67,68,69,70,71,72,73,74,75,76,77,78,79,80,81,83,84,85,86,87,91,93,94,95,96,97,99
7x
00,01,02,03,04,05,06,07,08,09,10,11,12,13,14,15,16,17,19,20,21,24,25,26,27,28,29,30,31,32,34,35,36,37,39,40,41,42,43,45,46,47,48,49,50,51,52,53,54,55,56,57,58,59,60,61,62,63,64,65,67,68,69,72,75,76,77,78,81,84,85,86,87,91,95,96,97,99
6x
01,02,03,04,07,08,09,10,11,12,13,14,15,16,17,19,20,21,24,25,26,27,28,29,30,31,32,34,35,36,37,39,40,41,42,43,45,46,47,48,49,50,51,52,54,55,56,58,59,61,63,64,65,68,69,72,75,76,77,78,81,84,85,86,87,91,97,99
5x
01,02,03,04,08,09,10,12,13,14,15,16,17,19,20,25,26,28,29,31,32,34,37,39,40,41,42,43,45,46,47,49,50,52,54,55,56,58,59,61,63,64,65,68,69,72,75,76,77,78,81,84,85,86,87,91,97,99
4x
01,02,03,04,08,09,10,12,13,16,17,20,25,28,31,34,37,39,40,41,42,45,46,49,52,54,55,56,58,61,63,64,65,68,69,72,75,76,77,78,81,84,85,86,87,91,97,99
3x
01,03,04,13,16,17,20,25,28,31,34,37,39,40,41,42,45,46,49,52,54,55,56,58,61,63,65,68,69,75,76,78,81,84,86,87,97,99
2x
17,20,25,28,31,34,37,39,40,41,42,45,46,49,52,54,55,56,58,61,63,65,68,69,75,76,78,81
1x
34,37,39,40,41,42,45,46,49,52,54,55,56,58,61,63,65,68
0x
42,45,46,49,52,54,55,56
Author: chilatoi123
Date: 16/8/23
Time: 19:18
==================================================
1x array: ['34', '37', '39', '40', '41', '42', '45', '46', '49', '52', '54', '55', '56', '58', '61', '63', '65', '68']
Post 17:
Content:
9x
00,02,03,04,05,06,07,08,09,10,11,12,13,14,16,17,18,19,20,21,22,23,24,25,26,27,28,29,30,31,32,33,34,35,36,37,38,39,40,41,43,44,45,46,47,48,49,50,51,52,53,54,55,56,57,58,59,60,61,62,63,64,65,66,67,68,69,70,71,72,73,74,75,76,77,78,81,82,83,84,85,86,87,88,89,90,91,92,93,94,95,96,97,98,99
8x
00,02,03,04,06,07,08,09,10,11,13,14,16,17,18,19,20,21,22,23,25,26,27,28,29,30,31,32,33,34,35,36,37,38,39,40,41,43,44,45,46,47,48,49,50,51,52,53,54,55,56,57,58,59,60,61,62,63,65,66,67,68,69,71,72,73,75,76,77,78,81,82,83,84,85,86,87,88,89,90,91,92,93,94,95,96,97,99
7x
00,02,03,04,06,07,09,10,14,16,17,18,19,22,25,26,27,29,30,33,34,35,36,37,38,39,40,41,43,44,45,46,47,48,49,50,51,52,53,54,55,56,57,59,60,61,62,63,65,66,67,68,69,71,72,73,75,76,77,78,81,82,83,84,85,86,87,88,89,90,91,92,93,94,95,96,97,99
6x
00,02,03,04,06,07,09,10,14,16,17,18,19,22,25,26,27,29,30,34,35,36,38,41,43,45,46,47,48,49,50,51,52,53,54,55,56,57,60,61,62,63,65,66,68,69,71,72,73,75,76,77,81,82,83,84,85,86,87,88,89,90,92,93,94,95,96,97
5x
00,02,03,04,07,09,14,16,17,18,19,22,25,26,27,29,30,34,35,36,38,41,43,45,46,50,51,52,53,54,55,56,57,60,63,65,66,68,69,71,72,75,76,77,81,82,83,85,86,87,88,90,92,93,94,95,96,97
4x
00,02,04,07,09,16,17,19,22,26,27,29,30,34,35,36,38,41,43,45,46,52,53,54,55,56,57,60,65,66,69,71,72,76,77,81,82,83,85,86,88,90,92,93,94,95,96,97
3x
00,02,04,07,09,16,17,19,22,29,34,35,41,43,45,46,52,54,57,60,65,69,71,72,76,77,81,83,85,86,88,90,92,93,94,95,96,97
2x
00,16,17,19,22,29,34,35,41,43,45,46,52,54,60,65,69,71,72,76,77,81,88,90,92,94,95,97
1x
00,29,41,43,45,52,54,60,65,69,71,72,76,77,81,88,90,94
0x
00,29,45,52,60,69,72,94
Author: Songquetoido3888
Date: 16/8/23
Time: 19:57
==================================================
1x array: ['00', '29', '41', '43', '45', '52', '54', '60', '65', '69', '71', '72', '76', '77', '81', '88', '90', '94']
Post 18:
Content:
9x
00,01,02,03,04,05,06,07,08,09,10,11,12,13,14,15,16,17,18,19,20,21,22,23,24,25,26,27,28,29,30,31,32,33,34,35,36,37,38,39,40,41,42,43,44,45,46,47,48,49,51,52,53,54,55,56,57,58,60,61,62,63,64,65,66,67,68,69,70,71,72,73,74,75,76,77,78,79,80,81,82,83,84,85,86,87,88,90,91,92,93,94,95,97,98
8x
00,01,02,03,04,05,06,07,08,09,10,11,14,16,17,18,19,20,21,22,23,24,25,26,27,28,29,30,31,32,34,35,36,37,38,39,40,41,42,43,44,46,47,48,49,51,52,53,54,55,56,57,58,60,61,64,65,66,67,68,69,70,71,72,73,74,75,76,77,78,79,80,81,82,83,84,85,86,87,88,90,91,92,93,94,95,97,98
7x
01,02,03,04,05,06,07,08,09,10,11,14,16,17,18,19,21,22,24,25,26,27,28,29,30,31,32,34,35,36,37,38,39,40,41,42,43,44,48,49,51,52,53,54,55,56,57,58,60,64,65,66,68,69,70,71,73,74,75,76,77,78,80,81,82,83,84,85,87,88,90,91,92,93,94,95,97,98
6x
01,02,03,04,05,06,07,08,09,10,11,14,16,18,21,22,25,26,27,28,29,30,31,34,35,36,38,39,41,42,43,44,49,51,52,54,55,56,57,58,64,65,66,68,69,70,71,73,74,75,76,77,78,80,81,82,83,84,85,87,88,91,92,93,94,95,97,98
5x
01,02,04,05,06,07,08,09,10,11,14,16,18,21,22,25,26,28,29,30,31,34,35,36,38,39,41,42,43,44,49,51,52,55,57,58,64,65,66,68,69,70,73,74,75,80,81,82,83,84,85,88,91,92,94,95,97,98
4x
01,02,04,05,06,07,08,09,10,11,14,16,21,22,26,28,30,31,34,35,36,38,39,41,42,43,44,49,51,52,55,57,64,65,66,68,69,70,73,80,81,83,85,91,94,95,97,98
3x
01,02,05,08,09,10,16,21,22,26,28,31,35,36,39,41,42,43,44,49,51,52,55,57,64,65,66,68,69,73,80,83,85,91,94,95,97,98
2x
01,05,09,10,16,21,22,26,28,35,39,41,42,43,51,52,55,57,66,69,73,83,85,91,94,95,97,98
1x
01,05,16,22,26,28,41,42,43,51,55,57,66,83,85,91,94,95
0x
05,26,41,42,51,57,83,85
Author: CuTrongXoay16888
Date: 16/8/23
Time: 20:22
==================================================
1x array: ['01', '05', '16', '22', '26', '28', '41', '42', '43', '51', '55', '57', '66', '83', '85', '91', '94', '95']
Post 19:
Content:
9x
00,01,02,03,04,05,06,07,08,09,10,11,12,13,14,15,16,17,18,19,20,21,22,23,24,25,26,27,28,29,30,31,32,33,34,35,36,37,38,39,40,41,42,43,45,46,47,48,49,50,51,52,53,54,56,57,58,59,60,61,62,63,64,65,66,67,68,69,70,71,72,73,74,75,76,77,78,79,80,81,83,84,85,86,87,88,89,90,91,93,94,95,96,97,98,99
8x
00,01,02,03,04,05,06,07,08,09,10,11,12,13,14,15,16,17,18,19,20,21,22,23,24,25,26,27,30,31,33,34,35,36,37,38,39,40,41,43,46,49,50,51,52,53,54,56,57,58,59,60,61,62,63,64,65,66,67,68,69,70,71,72,73,74,75,76,78,79,80,81,83,84,85,86,87,88,89,90,91,93,94,95,96,97,98,99
7x
01,02,03,04,05,06,07,08,09,10,11,13,14,15,16,17,18,19,20,22,25,26,27,30,31,33,34,35,36,37,38,39,40,41,43,46,49,50,51,52,53,56,57,58,59,60,61,62,63,64,65,66,67,68,69,70,71,72,73,75,76,78,79,80,81,83,85,86,87,89,90,91,94,95,96,97,98,99
6x
01,02,03,04,05,06,07,08,09,10,13,14,16,17,18,19,22,25,26,30,31,34,35,36,37,38,40,41,43,46,49,50,52,53,56,58,59,60,62,63,64,65,66,67,68,69,70,71,73,75,76,78,79,80,81,83,85,86,87,89,90,91,94,95,96,97,98,99
5x
01,03,04,06,07,08,09,10,13,17,18,19,22,25,26,30,31,34,35,36,37,38,40,41,43,46,49,50,52,53,56,58,59,60,62,63,64,65,67,68,69,70,71,73,76,78,79,80,81,83,85,86,87,89,90,94,95,97
4x
01,03,04,06,07,08,09,10,13,17,18,19,22,25,26,30,31,35,36,37,40,46,50,52,53,56,58,59,60,62,63,64,65,67,68,69,71,73,76,78,79,83,85,87,90,94,95,97
3x
01,03,04,06,07,08,09,10,13,17,18,19,22,25,26,30,31,35,36,37,40,46,52,53,56,64,65,71,73,78,79,83,85,87,90,94,95,97
2x
01,03,04,06,07,08,09,10,13,17,18,19,22,25,35,37,40,46,53,56,64,65,71,73,79,90,95,97
1x
01,03,06,07,08,10,37,40,46,53,56,64,65,71,73,79,90,97
0x
01,64,65,71,73,79,90,97
Author: vippro1986
Date: 16/8/23
Time: 20:31
==================================================
1x array: ['01', '03', '06', '07', '08', '10', '37', '40', '46', '53', '56', '64', '65', '71', '73', '79', '90', '97']
Post 20:
Content:
9x
00,01,02,03,04,05,06,07,08,09,10,11,12,13,14,16,17,18,19,20,21,22,23,26,27,28,29,30,31,32,34,35,36,37,38,39,40,41,42,43,44,45,46,47,48,49,50,51,52,53,54,55,56,57,58,59,60,61,62,63,64,65,66,67,68,69,70,71,72,73,74,75,76,77,78,79,80,81,82,83,84,85,86,87,89,90,91,92,93,94,95,96,97,98,99
8x
00,01,02,03,04,05,06,07,08,09,10,11,12,13,14,16,17,18,19,21,22,26,27,28,29,30,31,32,35,36,37,38,39,40,41,42,43,44,46,47,48,49,50,51,52,53,55,56,57,58,59,60,61,62,65,66,67,68,69,70,71,72,73,74,75,76,77,78,79,80,81,82,83,84,85,86,87,89,90,91,92,93,94,95,96,97,98,99
7x
00,01,02,03,04,05,06,08,10,11,12,14,16,17,18,21,22,26,27,28,30,31,32,35,36,37,38,39,40,41,42,43,44,46,47,48,49,50,51,52,53,55,56,57,58,59,60,61,65,66,67,68,70,72,73,74,75,76,77,78,79,80,81,82,83,84,85,86,87,89,91,92,93,94,95,96,97,98
6x
00,01,02,03,04,05,08,14,16,17,18,21,22,26,27,28,30,31,32,35,36,37,38,39,40,41,42,43,44,46,47,48,49,50,51,52,53,55,56,57,58,59,60,61,66,67,68,70,72,73,75,76,77,78,79,81,82,84,85,86,87,89,91,92,94,95,96,98
5x
00,02,03,05,08,18,21,22,26,27,28,30,31,32,35,36,37,38,39,40,42,43,44,46,47,48,49,50,51,52,53,55,56,57,58,59,60,61,66,67,68,72,73,75,76,77,78,79,81,82,84,87,89,92,94,95,96,98
4x
00,02,03,05,08,18,21,28,32,35,37,38,39,40,42,43,44,46,47,48,49,50,52,53,55,56,57,58,59,60,61,66,67,68,72,73,75,76,78,79,81,82,84,87,92,94,95,96
3x
00,02,03,05,18,21,28,32,37,39,40,42,43,44,46,47,48,49,50,52,53,56,57,58,59,60,61,66,67,73,76,79,81,82,87,92,95,96
2x
00,05,18,21,28,32,37,40,42,43,46,48,49,52,53,56,58,59,60,61,66,67,73,76,81,87,92,96
1x
05,21,32,37,40,42,46,48,53,56,58,59,61,66,73,76,92,96
0x
21,32,37,42,48,56,58,61
Author: Pele6789
Date: 16/8/23
Time: 20:36
==================================================
1x array: ['05', '21', '32', '37', '40', '42', '46', '48', '53', '56', '58', '59', '61', '66', '73', '76', '92', '96']
Numbers appearing 9 times: 65, 37, 
Numbers appearing 8 times: 51, 43, 
Numbers appearing 7 times: 50, 52, 53, 46, 80, 34, 42, 41, 40, 05, 00, 07, 
Numbers appearing 6 times: 48, 49, 56, 61, 96, 90, 94, 99, 30, 08, 16, 32, 35, 55, 70, 77, 
Numbers appearing 5 times: 45, 47, 63, 64, 74, 81, 85, 91, 92, 97, 39, 69, 72, 36, 75, 78, 01, 18, 54, 57, 66, 73, 76, 89, 98, 20, 68, 
Numbers appearing 4 times: 06, 03, 09, 02, 28, 71, 
Numbers appearing 3 times: 58, 59, 60, 62, 25, 95, 88, 19, 22, 82, 67, 10, 15, 04, 33, 79, 23, 
Numbers appearing 2 times: 84, 93, 11, 14, 27, 26, 83, 38, 87, 29, 21, 31, 
Numbers appearing 1 times: 17, 86, 24, 12, 13, 
Today Date : 2023-08-17
Unique Numbers: 35,53,55,58,85,59,95,45,54,57,75,39,93,25,52,89,98,37,73,34,43,49,94,79,97,03,30,08,80,29,92,33,38,83,47,74,48,84,05,50,78,87,99,07,70,02,20,23,32,24,42,27,72,04,40,44,77,09,90
Total Unique Numbers: 59
