Post 12:
Content:
9x
00,03,04,05,06,07,08,09,10,11,12,13,14,15,16,17,18,19,20,21,22,23,24,25,26,27,28,29,30,31,32,33,34,35,36,37,38,39,40,41,42,43,44,45,46,47,48,49,50,51,52,53,54,55,56,57,58,59,60,61,62,63,64,65,66,67,68,69,70,71,72,73,74,75,76,77,78,79,80,81,83,84,85,86,87,88,89,90,92,93,94,95,96,97,98,99
8x
00,07,08,09,10,11,12,13,14,15,16,17,18,19,20,21,22,23,24,25,26,27,28,29,30,31,32,33,34,35,36,37,38,39,40,41,42,43,44,45,47,48,49,50,51,52,53,54,56,57,58,59,60,61,62,63,65,66,67,68,69,70,71,72,74,75,76,77,78,79,80,81,83,84,85,86,87,88,89,90,92,93,94,95,96,97,98,99
7x
12,13,14,15,16,17,18,20,21,22,23,24,25,26,27,29,30,31,32,33,34,35,36,38,39,40,41,42,43,44,45,47,48,49,50,51,52,53,54,56,57,58,59,60,61,62,63,65,66,67,68,69,70,71,72,74,75,76,77,78,79,80,81,83,84,85,86,87,88,89,90,92,93,94,95,96,97,98
6x
17,18,20,21,22,23,24,25,26,27,29,30,31,32,33,34,35,36,38,39,40,41,42,43,44,45,47,48,49,50,51,52,53,54,56,57,58,59,60,61,62,63,65,66,67,68,69,70,71,72,74,75,76,77,78,79,80,81,83,84,85,86,87,88,89,90,92,93
5x
23,24,25,26,27,29,30,31,32,33,34,35,36,38,39,40,41,42,43,44,45,47,48,49,50,51,52,53,54,56,57,58,59,60,61,62,63,65,66,67,68,69,70,71,72,74,75,76,77,78,79,80,81,83,84,85,86,87
4x
29,30,31,32,33,34,35,36,38,39,40,41,42,43,44,45,47,48,49,50,51,52,53,54,56,57,58,59,60,61,62,63,65,66,67,68,69,70,71,72,74,75,76,77,78,79,80,81
3x
34,35,36,38,39,40,41,42,43,44,45,47,48,49,50,51,52,53,54,56,57,58,59,60,61,62,63,65,66,67,68,69,70,71,72,74,75,76
2x
40,41,42,43,44,45,47,48,49,50,51,52,53,54,56,57,58,59,60,61,62,63,65,66,67,68,69,70
1x
45,47,48,49,50,51,52,53,54,56,57,58,59,60,61,62,63,65
0x
51,52,53,54,56,57,58,59
Author: Chuquangtruong
Date: 18/8/23
Time: 12:21
==================================================
0x array: 51,52,53,54,56,57,58,59 
Post 15:
Content:
9x
01,02,03,04,05,06,07,08,09,10,11,12,13,14,15,16,17,18,19,21,22,23,24,25,26,27,28,29,30,31,32,33,34,35,36,37,38,39,40,41,42,43,44,46,47,48,49,50,51,52,53,54,55,56,57,58,59,60,61,62,63,64,65,66,67,68,69,70,71,72,73,74,75,77,78,79,80,81,82,83,84,85,86,87,88,89,90,91,92,93,94,95,96,97,98,99
8x
01,02,03,04,07,08,09,10,11,12,14,15,16,17,18,21,23,24,25,26,27,28,29,30,31,32,33,34,35,36,37,38,39,40,41,42,43,44,46,47,48,49,50,51,52,53,54,55,56,57,58,59,60,61,62,63,64,65,66,67,68,70,71,72,73,74,75,77,78,79,80,81,82,83,84,85,87,88,89,91,92,93,94,95,96,97,98,99
7x
01,02,03,04,07,08,09,10,11,12,14,15,16,17,18,21,23,24,25,28,29,30,32,34,35,36,37,38,40,41,42,43,44,47,48,50,51,53,54,55,56,57,58,59,60,61,62,63,64,65,66,67,68,70,71,72,73,74,75,77,78,79,80,81,83,84,85,87,88,89,91,92,93,94,95,97,98,99
6x
01,02,03,04,07,08,09,10,11,12,14,15,16,17,18,21,23,24,25,28,29,30,32,34,35,36,37,38,40,42,43,44,47,48,50,51,53,54,56,57,58,59,60,61,62,63,64,65,67,68,70,71,72,73,75,77,78,79,80,81,83,84,85,88,89,91,98,99
5x
01,03,04,07,08,09,11,12,14,15,16,17,18,21,23,24,25,29,30,34,35,36,37,38,40,42,43,44,47,48,50,51,53,54,56,57,61,62,63,65,68,70,71,72,73,75,77,78,79,80,81,83,84,85,88,89,91,98
4x
03,04,07,08,09,11,12,14,15,16,17,18,25,29,37,40,42,43,47,48,50,51,53,54,56,57,61,62,63,65,68,70,71,72,73,75,77,78,79,80,81,83,84,85,88,89,91,98
3x
03,04,07,08,09,11,12,14,15,16,17,18,25,29,37,40,42,43,47,48,50,51,54,56,61,62,63,65,68,70,75,77,81,83,84,85,88,98
2x
03,07,09,12,14,15,16,17,18,25,29,37,40,42,43,48,56,62,63,65,68,70,75,77,81,85,88,98
1x
03,07,09,42,43,48,56,62,63,65,68,70,75,77,81,85,88,98
0x
63,65,68,70,75,77,81,85
Author: Xuantruong368
Date: 18/8/23
Time: 13:36
==================================================
0x array: 63,65,68,70,75,77,81,85 
Post 1:
Content:
9x
01,03,04,05,06,07,08,09,10,11,12,13,14,16,17,18,19,20,21,22,23,24,25,26,27,28,29,30,31,32,33,34,35,36,37,38,39,40,41,42,43,44,45,46,47,48,49,50,51,52,53,54,55,56,57,58,59,60,61,62,63,64,65,67,68,69,70,71,72,73,74,76,77,78,79,80,81,82,83,84,85,86,87,88,89,90,91,92,93,94,95,96,97,98,99
8x
01,03,04,05,06,07,08,09,10,11,12,13,14,16,17,18,20,21,23,25,27,28,29,30,31,32,33,34,35,36,37,38,39,40,41,42,43,44,45,46,47,48,49,50,51,52,53,54,55,56,58,59,60,61,62,63,64,65,67,68,69,70,71,73,74,76,77,78,79,80,81,82,83,84,85,86,88,89,90,91,92,93,94,95,96,97,98,99
7x
01,03,04,05,06,07,08,09,10,12,13,14,16,17,18,20,21,23,25,27,28,31,32,33,34,35,36,37,38,39,41,42,43,45,46,47,48,49,50,51,52,53,54,55,56,58,59,60,61,62,63,64,65,67,68,69,70,71,73,76,77,78,79,80,81,82,83,85,86,88,91,92,93,94,95,96,97,99
6x
01,03,04,05,06,09,10,12,13,14,16,17,18,20,21,25,27,28,31,32,33,35,36,37,38,39,41,42,43,45,46,47,48,50,51,52,55,56,59,60,61,62,63,64,65,67,68,69,70,73,76,77,78,79,81,82,83,85,86,88,91,92,93,94,95,96,97,99
5x
01,03,04,06,09,10,13,14,17,18,20,21,25,28,31,32,33,36,37,38,39,42,43,45,46,47,48,50,51,52,55,56,59,60,61,62,64,65,67,68,69,70,73,76,77,81,82,85,86,88,91,92,93,94,95,96,97,99
4x
01,03,04,06,09,10,13,14,17,18,21,25,28,31,32,33,37,38,39,42,43,45,46,47,48,50,52,56,61,62,64,65,68,69,70,73,76,77,81,85,86,91,92,94,95,96,97,99
3x
01,04,06,10,13,14,17,21,25,28,32,37,38,42,43,45,46,47,48,50,52,62,64,65,68,70,73,76,77,81,85,86,91,92,94,95,96,99
2x
01,04,06,10,13,14,17,21,28,42,46,47,48,50,52,64,68,70,73,76,77,81,85,86,91,92,94,99
1x
01,06,10,17,21,28,47,48,50,52,64,70,73,76,77,81,91,94
0x
01,28,52,64,73,76,77,94
Author: Pele6789
Date: 17/8/23
Time: 20:20
==================================================
0x array: 01,28,52,64,73,76,77,94 
Post 2:
Content:
9x
00,01,02,03,04,06,07,08,09,10,11,12,13,14,15,16,17,18,19,20,22,23,24,25,26,27,28,29,30,31,32,33,34,35,36,37,38,39,40,41,42,43,44,45,46,47,48,49,50,51,52,53,54,55,56,57,58,59,60,61,62,63,64,65,66,67,68,69,70,71,72,73,74,75,76,77,78,79,80,81,82,84,85,86,87,88,89,90,91,92,93,95,96,97,98,99
8x
00,01,03,04,06,07,08,09,11,12,14,15,16,17,18,19,20,22,23,24,25,26,27,28,29,30,31,32,34,35,36,37,38,39,40,41,43,44,45,47,48,49,50,51,52,53,54,55,56,57,58,59,60,61,62,63,64,65,66,67,69,70,71,72,73,74,76,77,78,79,80,81,82,84,85,86,87,88,89,90,91,92,93,95,96,97,98,99
7x
00,01,03,04,06,08,09,11,12,14,15,16,17,18,19,20,22,23,24,25,26,29,30,31,32,34,35,36,37,38,39,40,41,43,44,45,48,49,50,51,52,54,55,56,57,58,59,61,62,64,65,66,67,69,70,71,72,73,74,76,77,78,80,81,82,85,86,87,88,89,90,91,92,93,95,97,98,99
6x
00,03,04,06,08,09,11,14,15,16,17,18,19,20,22,23,24,25,26,29,30,31,32,34,35,36,37,38,39,40,41,43,44,45,48,50,51,54,56,57,58,61,62,65,66,67,69,70,71,72,73,74,76,77,80,81,82,85,87,88,89,90,91,93,95,97,98,99
5x
00,04,06,08,09,11,14,17,18,19,20,22,23,24,25,26,29,30,32,34,35,36,37,38,39,40,43,45,50,51,54,56,57,58,61,62,65,66,67,69,70,71,72,73,74,76,77,80,81,82,85,87,88,91,93,95,97,98
4x
00,04,06,08,09,11,14,17,18,19,20,22,23,24,25,26,29,30,32,34,35,36,37,38,40,43,45,51,54,57,58,61,66,69,73,74,76,77,81,82,85,87,88,91,93,95,97,98
3x
04,06,09,14,17,18,23,24,29,30,32,34,35,36,38,40,43,45,51,54,57,58,61,66,69,73,74,76,77,81,82,85,87,88,91,95,97,98
2x
04,06,09,23,24,30,32,35,36,38,43,45,54,58,61,66,69,73,74,76,77,81,82,85,87,88,91,95
1x
04,06,09,23,24,30,32,35,36,38,43,45,54,58,66,69,73,91
0x
24,30,32,35,36,38,43,45
Author: DINH_XUAN_THU
Date: 17/8/23
Time: 20:38
==================================================
0x array: 24,30,32,35,36,38,43,45 
Post 3:
Content:
9x
00,01,02,03,05,06,07,08,09,11,12,13,14,15,16,18,19,20,21,22,23,24,25,26,27,28,29,30,31,32,33,34,35,36,37,38,39,40,41,42,43,44,45,46,47,48,49,50,51,52,53,54,55,56,57,58,59,61,62,63,64,65,66,67,68,69,70,71,72,73,74,75,76,77,78,79,80,82,83,84,85,86,87,88,89,90,91,92,93,94,95,96,97,98,99
8x
00,01,02,03,05,06,07,09,11,12,13,14,15,16,18,19,23,24,25,26,27,28,29,30,31,32,33,34,35,36,37,38,39,40,41,42,43,44,45,46,47,48,49,50,51,52,53,54,55,56,57,58,59,61,62,63,64,65,66,67,68,69,70,71,72,74,75,76,77,78,79,80,82,83,84,85,86,87,88,89,90,92,93,94,95,96,98,99
7x
00,02,03,05,06,07,09,11,12,13,14,15,16,18,23,24,27,30,31,33,34,36,38,39,41,42,43,44,45,46,47,48,49,50,51,52,53,54,55,56,57,58,59,61,62,63,64,65,66,67,68,69,70,71,72,74,75,76,77,78,79,80,82,83,84,85,86,87,88,89,90,92,93,94,95,96,98,99
6x
00,02,03,05,06,07,11,12,13,14,15,16,18,23,24,27,31,33,34,36,38,39,42,43,44,45,48,49,50,51,52,53,55,56,57,58,59,62,63,64,65,67,68,69,70,71,72,74,75,76,77,79,80,83,84,85,86,87,88,89,90,92,93,94,95,96,98,99
5x
00,03,06,07,11,12,15,16,18,23,24,31,33,34,36,38,39,42,43,44,45,49,50,51,52,53,55,56,57,58,59,62,63,64,65,68,69,70,71,72,74,75,76,77,79,83,84,85,86,87,89,90,92,93,94,96,98,99
4x
00,03,06,11,12,15,16,23,24,31,33,34,36,38,39,43,44,45,49,50,51,52,53,56,57,59,62,63,64,65,68,69,70,71,72,75,77,79,83,84,85,86,87,89,92,93,96,99
3x
00,03,06,11,15,16,23,24,31,33,34,36,38,39,43,44,45,49,51,52,56,57,64,65,68,69,71,72,75,79,83,84,86,87,89,93,96,99
2x
00,06,11,16,23,24,31,38,39,43,44,45,52,57,64,68,69,71,72,75,83,84,86,87,89,93,96,99
1x
06,11,23,24,38,39,45,52,57,69,72,75,84,86,87,89,96,99
0x
23,39,45,69,72,75,87,96
Author: CuTrongXoay16888
Date: 17/8/23
Time: 21:16
==================================================
0x array: 23,39,45,69,72,75,87,96 
Post 4:
Content:
9x
00,01,02,03,04,05,06,07,08,09,10,11,13,14,15,17,18,19,20,22,23,24,25,26,27,28,29,30,31,32,33,34,35,36,37,38,39,40,41,42,43,44,45,46,47,48,49,50,51,52,53,54,55,56,57,58,59,60,62,63,64,65,66,67,68,69,70,72,73,74,75,76,77,78,79,80,81,82,83,84,85,86,87,88,89,90,91,92,93,94,95,96,97,98,99
8x
00,01,02,03,04,05,06,07,08,09,10,11,13,14,15,18,19,22,23,24,25,26,27,28,29,30,31,32,33,34,35,36,37,38,39,40,41,42,43,44,45,46,47,48,49,50,51,52,53,54,55,56,57,58,59,60,62,63,64,65,67,68,69,70,73,74,78,79,80,81,82,83,84,85,86,87,88,89,90,91,92,93,94,95,96,97,98,99
7x
00,03,04,05,06,07,08,09,10,14,15,18,19,22,23,24,25,28,29,30,32,33,34,35,36,37,38,39,40,41,42,43,44,45,46,47,48,49,50,51,52,53,54,55,56,58,59,60,63,64,65,68,69,70,73,74,78,79,80,81,82,83,84,85,86,87,88,89,90,91,92,93,94,95,96,97,98,99
6x
00,03,04,05,07,08,09,14,18,19,23,24,25,28,29,30,32,33,34,35,36,38,39,40,41,42,43,44,45,46,47,48,49,50,52,53,54,55,58,59,63,64,68,69,70,74,78,79,80,81,82,83,84,85,86,87,88,89,90,91,92,93,94,95,96,97,98,99
5x
03,04,05,07,08,09,14,23,24,28,29,30,33,34,35,36,38,39,40,42,43,44,45,46,48,49,50,52,53,54,58,59,63,68,70,74,78,79,80,81,82,83,84,85,86,87,88,89,90,91,92,93,94,95,96,97,98,99
4x
04,07,08,09,14,23,24,28,29,30,33,34,35,36,38,39,40,42,43,44,45,46,48,49,50,52,53,54,58,59,63,68,78,79,80,82,83,84,87,88,89,90,93,94,95,97,98,99
3x
04,08,09,24,28,33,34,35,38,39,40,42,43,44,45,48,49,53,54,59,63,68,78,79,80,82,83,84,87,88,89,90,93,94,95,97,98,99
2x
08,24,34,35,38,39,40,42,43,44,45,48,49,53,54,59,80,82,83,84,88,89,90,93,94,95,98,99
1x
34,42,43,44,48,49,53,80,82,83,84,88,89,90,93,94,95,98
0x
34,43,48,49,84,88,94,98
Author: giabo
Date: 17/8/23
Time: 21:23
==================================================
0x array: 34,43,48,49,84,88,94,98 
Post 5:
Content:
Thống kê

Chen ngang

Chen ngang
9x
01,02,03,04,05,06,07,08,09,10,11,12,13,14,15,16,17,18,19,20,21,22,23,24,25,26,27,28,29,30,31,32,33,34,35,36,37,38,39,40,41,42,43,44,45,46,47,48,49,50,51,52,53,54,55,56,57,58,59,60,61,62,63,64,65,66,67,68,69,70,71,72,73,74,75,76,77,78,79,80,81,82,83,84,85,86,87,89,90,91,93,94,95,96,97,99
8x
01,02,03,04,06,07,09,10,11,12,13,14,15,16,17,18,19,20,21,22,23,24,25,26,27,28,29,30,31,32,33,34,35,36,37,38,39,40,41,42,43,44,45,46,47,48,49,51,52,53,54,56,57,58,59,60,61,62,63,64,65,66,67,69,70,71,72,73,74,75,76,77,78,79,80,81,82,83,85,87,90,91,93,94,95,96,97,99
7x
01,02,03,04,06,07,10,11,12,13,14,15,16,17,18,19,20,21,22,23,24,25,26,27,28,30,31,32,34,35,36,37,38,39,40,41,43,44,45,47,49,51,52,53,54,56,57,58,59,60,61,62,63,65,66,69,70,71,72,73,74,75,77,78,79,81,82,83,85,87,90,91,93,94,95,96,97,99
6x
06,07,10,13,14,15,16,17,18,19,20,22,23,25,26,27,28,30,31,32,34,35,36,37,38,39,40,41,43,44,45,47,49,51,52,53,54,56,57,58,59,60,61,62,63,65,66,69,70,71,72,73,74,75,77,78,79,81,82,83,85,87,91,93,94,95,96,99
5x
13,14,17,18,19,20,22,23,25,26,27,28,30,31,32,34,35,36,37,38,39,40,41,43,44,45,47,49,51,52,53,54,56,57,58,59,60,61,62,63,65,66,69,70,71,72,73,74,75,77,78,79,81,82,87,91,94,99
4x
13,14,17,18,19,22,23,25,27,28,31,32,34,35,36,37,38,39,41,43,44,45,47,49,52,53,54,56,57,58,59,60,61,62,63,65,66,69,70,71,75,77,78,81,87,91,94,99
3x
13,14,17,18,19,22,23,25,27,28,31,32,34,35,36,37,38,39,41,43,44,45,47,49,52,53,57,66,70,71,75,77,78,81,87,91,94,99
2x
13,14,17,18,19,22,23,25,27,28,31,32,34,35,36,37,38,43,44,49,52,57,71,75,77,81,91,94
1x
13,14,22,27,28,32,34,43,44,49,52,57,71,75,77,81,91,94
0x
52,57,71,75,77,81,91,94
Author: TMB
Date: 17/8/23
Time: 21:49
==================================================
0x array: 52,57,71,75,77,81,91,94 
Post 6:
Content:
9x
00,01,02,03,04,05,06,07,08,09,10,11,12,13,14,15,16,18,19,20,21,22,23,24,25,26,27,28,29,30,31,32,33,34,35,36,37,38,39,40,41,42,43,44,45,46,47,48,49,50,51,52,53,54,55,56,58,59,60,61,62,63,64,65,66,67,68,69,70,71,72,73,74,76,77,78,79,80,81,82,83,84,85,86,87,88,89,90,91,92,93,94,96,98,99
8x
00,01,03,04,05,06,07,08,09,10,11,12,14,15,16,18,19,21,22,23,24,25,26,27,28,29,30,31,32,33,34,35,36,38,39,40,41,42,43,44,45,46,47,48,49,50,51,52,53,54,55,56,58,60,61,62,63,64,65,66,67,68,69,70,71,72,73,74,76,78,79,80,81,82,83,84,85,86,87,88,89,90,91,92,94,96,98,99
7x
00,01,03,04,05,06,07,08,09,10,12,14,15,16,18,21,22,23,24,25,26,27,28,29,30,32,34,35,36,38,40,41,42,43,46,47,49,50,51,52,53,54,55,56,58,60,61,62,63,64,65,66,67,68,69,70,71,72,74,76,78,79,80,81,82,83,84,85,86,87,88,89,90,91,92,94,96,98
6x
00,01,03,04,06,07,08,09,10,12,14,15,16,18,21,22,23,24,25,26,27,28,29,30,32,34,35,36,38,40,41,42,43,46,49,50,51,52,53,54,56,58,60,61,62,63,66,68,69,70,72,74,76,78,80,81,82,83,84,86,87,88,89,90,92,94,96,98
5x
00,01,03,06,09,10,12,14,16,18,21,22,23,24,26,27,28,29,30,32,34,35,36,38,40,41,42,43,46,49,50,51,52,53,56,60,61,62,63,66,69,70,72,74,76,78,80,81,82,83,86,87,89,90,92,94,96,98
4x
00,01,03,06,09,10,12,14,16,18,21,22,23,26,29,30,32,34,35,36,38,41,49,50,51,52,53,56,61,62,63,69,70,72,74,76,78,80,81,82,83,86,89,90,92,94,96,98
3x
01,03,06,09,10,12,16,21,22,23,26,29,30,32,34,35,36,38,41,49,51,52,53,61,69,70,72,74,76,78,81,82,89,90,92,94,96,98
2x
01,09,10,12,16,21,22,29,30,32,34,36,38,41,51,52,61,69,70,72,74,76,78,81,89,90,92,96
1x
01,12,21,29,30,32,36,41,51,61,70,72,74,76,81,90,92,96
0x
01,21,30,32,36,70,72,76
Author: anhthanhnien8x
Date: 17/8/23
Time: 21:54
==================================================
0x array: 01,21,30,32,36,70,72,76 
Post 7:
Content:
9x
00,01,02,03,04,05,06,07,08,09,10,11,12,13,14,15,16,17,18,19,20,22,24,25,26,27,28,29,30,31,32,33,34,35,36,37,38,39,40,41,42,43,44,46,47,48,49,50,51,52,53,54,55,56,57,58,59,60,61,62,63,64,65,66,67,68,69,70,71,72,73,74,75,76,77,78,79,80,81,82,84,85,86,87,88,89,90,91,92,93,94,95,96,97,98,99
8x
00,01,02,03,04,05,06,07,08,09,10,11,12,13,14,15,16,18,19,20,22,24,25,26,27,28,29,30,32,34,35,36,37,38,39,40,41,43,44,46,47,48,49,50,51,52,53,54,55,56,57,59,60,61,62,63,64,65,66,68,69,70,72,73,74,75,76,78,79,80,81,82,84,85,86,87,88,89,90,91,92,93,94,95,96,97,98,99
7x
00,01,02,03,05,06,07,08,09,10,11,12,13,14,15,16,18,19,20,22,24,25,26,27,28,30,32,34,35,36,37,39,40,41,43,44,46,47,48,49,50,51,52,53,54,55,56,57,59,60,61,62,63,66,68,70,72,73,75,76,78,79,80,81,82,84,85,87,88,89,90,91,92,93,94,95,97,98
6x
00,01,02,03,05,06,07,09,10,11,12,14,15,16,19,20,22,24,25,26,27,28,32,34,35,36,37,39,40,41,43,44,46,47,48,49,50,52,53,54,55,56,57,59,61,62,63,70,72,73,76,79,80,81,82,84,85,87,88,89,90,91,92,93,94,95,97,98
5x
00,01,02,03,05,06,09,10,11,12,14,15,16,20,22,25,26,27,28,34,35,37,40,41,46,47,48,49,50,52,53,54,55,56,57,59,62,63,70,72,73,76,79,80,81,82,84,87,88,89,90,91,92,93,94,95,97,98
4x
00,01,05,06,09,10,11,12,14,15,16,20,22,25,26,27,34,35,37,41,46,47,48,50,53,54,55,56,57,59,62,63,70,72,73,76,79,80,81,82,84,87,88,90,92,94,95,98
3x
01,05,06,09,10,11,12,14,15,16,20,25,26,34,35,37,46,48,50,54,55,56,57,59,62,70,72,73,76,80,81,87,88,90,92,94,95,98
2x
01,06,09,10,11,14,15,16,26,34,35,46,48,56,59,62,72,73,76,80,81,87,88,90,92,94,95,98
1x
01,06,09,10,11,14,15,16,26,34,35,46,48,56,59,72,95,98
0x
01,34,46,48,56,72,95,98
Author: Ht0707
Date: 17/8/23
Time: 22:03
==================================================
0x array: 01,34,46,48,56,72,95,98 
Post 8:
Content:
9x
00,01,02,03,04,05,06,07,08,09,10,11,12,14,15,16,17,18,19,20,21,22,23,24,25,26,27,28,29,30,32,33,34,35,36,37,39,40,41,42,43,44,45,46,47,48,49,50,51,52,53,54,55,56,57,58,59,60,61,62,63,64,65,66,67,68,69,70,71,72,73,74,75,76,77,78,79,80,81,82,84,85,86,87,88,89,90,91,92,93,94,95,96,97,99
8x
00,01,02,03,04,05,06,07,08,09,10,11,12,14,15,16,17,18,19,20,21,22,23,24,25,26,27,28,29,30,32,33,34,35,36,37,39,40,41,42,43,44,45,46,47,48,49,50,51,52,53,54,55,56,57,59,60,61,62,63,64,65,66,67,68,69,70,71,72,74,75,76,77,79,80,81,82,84,86,88,90,91,92,93,95,96,97,99
7x
00,01,02,03,04,05,06,07,08,09,10,11,14,15,16,17,18,19,20,22,23,24,25,26,27,28,29,30,32,33,34,36,39,40,41,42,43,44,45,46,47,48,50,51,52,54,55,56,57,59,60,61,62,64,66,67,68,69,70,72,74,75,76,77,79,80,81,84,86,88,90,91,92,93,95,96,97,99
6x
00,01,02,03,04,05,06,07,08,09,10,11,16,18,19,20,22,23,24,25,26,27,29,30,32,33,39,40,42,44,45,46,47,48,50,52,54,55,57,59,60,61,62,64,66,67,68,69,70,72,74,75,76,77,79,80,81,84,86,88,90,91,92,93,95,96,97,99
5x
00,01,02,03,04,05,06,07,08,09,10,11,16,18,19,20,22,23,24,25,26,27,29,30,32,33,39,40,42,44,45,46,47,48,50,52,54,55,57,59,60,62,64,66,68,69,70,75,77,80,84,86,88,90,92,95,96,99
4x
00,01,02,03,04,05,06,07,08,09,10,11,20,22,23,24,25,26,29,30,32,33,40,42,44,45,46,48,50,52,54,55,59,60,62,64,66,68,69,70,77,84,86,88,90,95,96,99
3x
00,01,02,03,04,05,06,07,09,10,11,20,22,24,26,30,33,40,42,44,45,46,48,50,54,55,59,60,62,66,68,69,77,84,86,88,90,96
2x
00,01,02,04,05,06,09,11,20,22,24,33,40,42,44,48,50,55,60,66,68,69,77,84,86,88,90,96
1x
00,02,04,05,06,20,22,24,40,42,44,50,55,60,66,68,86,88
0x
00,02,05,20,22,44,50,66
Author: X2X3X4
Date: 17/8/23
Time: 22:55
==================================================
0x array: 00,02,05,20,22,44,50,66 
Post 9:
Content:
9x
01,02,03,04,05,07,08,09,10,11,12,13,14,15,16,17,18,19,20,21,23,24,25,26,28,29,30,31,32,33,34,35,36,37,38,39,40,41,42,43,44,45,46,47,48,49,50,51,52,53,54,55,56,57,58,59,60,61,62,63,64,65,66,67,68,69,70,71,72,73,74,75,76,77,78,79,80,81,82,83,84,85,86,87,88,89,90,92,93,94,95,96,97,98,99
8x
01,02,03,04,07,08,09,12,13,14,15,16,17,18,19,20,21,23,24,25,26,28,30,31,32,33,34,35,36,37,38,39,40,41,42,43,44,45,47,48,49,50,51,52,53,54,56,57,58,59,60,61,62,63,64,65,66,67,68,69,70,71,72,73,74,75,76,77,78,79,80,81,82,83,84,85,86,87,88,89,90,92,93,95,96,97,98,99
7x
01,02,03,04,07,08,09,12,13,14,15,16,17,18,20,21,24,25,26,28,30,31,33,34,37,38,39,40,41,42,43,45,47,48,49,51,52,53,54,56,57,58,59,61,62,63,64,65,66,67,69,70,71,72,74,75,76,77,78,79,80,81,82,83,84,85,86,87,88,89,90,92,93,95,96,97,98,99
6x
02,03,07,08,12,13,14,15,16,17,18,21,24,28,30,31,33,34,37,38,39,40,41,42,43,45,47,48,49,51,52,53,54,56,57,58,59,61,62,63,64,65,66,67,69,70,71,72,74,75,76,77,78,79,80,81,82,84,85,86,87,88,89,90,92,97,98,99
5x
02,03,07,08,12,13,14,15,16,17,18,21,24,30,31,33,34,37,38,39,41,43,45,47,49,51,52,53,54,57,59,61,63,64,65,67,69,70,71,72,74,75,76,77,78,80,81,82,85,86,87,88,89,90,92,97,98,99
4x
02,03,07,08,12,13,14,15,16,17,18,21,24,30,31,33,39,41,45,47,49,51,52,53,54,57,59,61,63,64,65,67,69,70,71,72,74,75,76,77,78,80,81,82,86,87,89,90
3x
02,15,18,21,24,30,31,33,39,41,45,47,49,51,52,53,54,57,59,61,64,65,67,69,70,71,74,75,76,77,78,80,81,82,86,87,89,90
2x
02,15,39,45,52,53,54,57,59,61,64,65,67,69,70,71,74,75,76,77,78,80,81,82,86,87,89,90
1x
02,15,39,45,54,69,74,75,76,77,78,80,81,82,86,87,89,90
0x
02,15,39,45,54,74,75,77
Author: COTHUONG56789
Date: 17/8/23
Time: 23:51
==================================================
0x array: 02,15,39,45,54,74,75,77 
Post 10:
Content:
9x
01,02,03,04,05,06,07,08,10,11,12,13,14,15,16,17,18,19,20,21,23,24,25,26,27,28,29,30,31,32,33,34,35,36,37,38,39,40,41,42,43,45,46,47,48,49,50,51,52,53,54,56,57,58,59,60,61,62,63,64,65,66,67,68,69,70,71,72,73,74,75,76,77,78,79,80,81,82,83,84,85,86,87,88,89,90,91,92,93,94,95,96,97,98,99
8x
01,02,03,04,05,06,07,08,10,12,14,15,16,17,18,19,20,21,23,24,25,26,27,28,29,30,32,33,34,35,36,37,38,39,40,41,42,43,45,46,47,49,50,51,52,53,54,56,57,58,59,60,61,62,63,64,65,67,68,69,70,71,72,73,74,75,76,77,78,79,80,81,82,83,84,85,86,87,89,90,91,92,93,94,95,96,97,98
7x
02,03,04,05,06,07,08,14,15,16,18,19,20,21,24,25,26,27,28,29,30,32,34,35,36,37,38,39,40,41,42,43,45,46,47,49,50,51,52,53,54,56,57,58,60,61,62,63,64,65,67,68,69,70,71,72,73,74,75,76,78,79,80,81,82,83,85,86,87,89,91,92,93,94,95,96,97,98
6x
02,03,04,05,06,07,08,16,18,19,20,24,25,26,27,28,29,34,36,37,38,40,42,43,45,46,47,49,50,51,52,54,56,57,58,60,61,62,63,64,65,67,68,69,70,71,72,73,74,75,76,78,79,80,81,82,83,85,86,87,89,91,92,93,94,96,97,98
5x
02,04,07,16,18,19,20,24,25,26,27,28,29,34,36,37,38,40,42,45,46,47,50,52,54,57,58,60,61,62,63,64,65,67,68,69,70,72,73,74,75,76,78,79,80,81,82,83,85,86,87,89,91,92,94,96,97,98
4x
02,04,16,19,20,24,25,27,29,36,38,40,42,45,46,47,50,52,54,57,58,60,61,62,63,64,67,68,69,72,74,75,76,78,79,80,82,83,85,86,87,89,91,92,94,96,97,98
3x
04,16,19,20,24,25,27,29,36,40,42,46,52,57,58,60,61,62,63,64,67,68,69,72,75,76,78,79,80,82,83,85,86,87,92,94,96,97
2x
20,24,25,29,40,42,46,52,57,58,60,62,64,67,68,69,75,76,78,79,80,82,85,86,87,92,96,97
1x
25,29,46,52,58,64,67,68,69,75,76,79,80,82,85,86,87,96
0x
25,29,76,80,82,85,86,96
Author: Xuanthuy179
Date: 18/8/23
Time: 00:05
==================================================
0x array: 25,29,76,80,82,85,86,96 
Post 12:
Content:
9x
01,02,03,04,06,07,08,09,10,11,12,13,14,15,16,17,18,19,20,21,22,23,24,25,26,27,28,29,30,31,32,33,34,35,36,37,38,39,40,41,42,43,44,45,46,47,48,49,50,51,52,53,54,55,56,57,58,59,60,61,62,63,64,65,66,67,68,69,70,72,73,74,75,77,78,79,80,81,82,83,84,85,86,87,88,89,90,91,92,93,94,95,96,97,98,99
8x
01,02,03,06,07,08,10,11,12,13,14,15,16,17,18,19,20,22,23,24,25,27,28,29,30,31,32,33,34,35,36,37,38,39,40,41,42,43,44,45,46,47,48,49,51,52,53,54,56,57,58,59,60,61,63,64,65,66,68,69,70,72,73,74,75,77,78,79,80,81,82,83,84,85,86,87,88,89,90,91,92,93,94,95,96,97,98,99
7x
01,02,03,06,07,08,10,11,13,14,15,16,18,19,20,23,24,25,28,29,30,31,32,33,34,35,36,37,38,39,41,42,43,44,46,47,48,49,51,52,53,56,57,58,59,60,61,63,64,65,66,68,69,70,72,73,74,75,77,78,79,80,81,83,84,85,88,89,90,91,92,93,94,95,96,97,98,99
6x
01,02,03,06,07,08,10,11,13,14,15,16,18,19,20,23,24,25,28,29,30,31,32,33,34,35,36,37,38,39,41,42,43,44,46,47,48,49,51,52,53,56,57,58,60,61,64,65,66,69,70,74,75,79,80,83,84,85,88,89,91,92,93,94,96,97,98,99
5x
01,03,06,08,10,11,13,14,15,16,18,19,23,24,29,30,33,34,35,38,39,41,42,43,44,46,47,48,49,51,53,56,57,58,60,61,64,65,66,69,70,74,75,79,80,83,84,85,88,89,91,92,93,94,96,97,98,99
4x
03,08,10,11,14,15,16,19,24,29,30,33,34,35,38,39,41,42,43,44,46,47,48,49,51,53,56,58,60,61,64,65,66,69,74,79,80,83,84,85,88,89,91,92,94,96,97,99
3x
03,08,14,19,24,29,30,33,34,35,38,39,41,42,43,44,46,47,49,53,56,58,60,61,64,65,66,69,74,79,80,85,91,92,94,96,97,99
2x
03,08,14,19,24,29,30,35,41,42,44,46,47,49,53,58,64,69,74,79,80,85,91,92,94,96,97,99
1x
03,08,30,42,44,46,47,49,64,69,74,79,91,92,94,96,97,99
0x
44,49,74,79,91,92,96,97
Author: nghiasm
Date: 18/8/23
Time: 06:44
==================================================
0x array: 44,49,74,79,91,92,96,97 
Post 13:
Content:
9x
01,02,03,04,05,06,07,08,09,10,11,12,13,14,15,16,17,18,19,20,21,23,25,27,28,29,30,31,32,33,34,35,36,37,38,39,40,41,42,43,44,45,46,47,48,49,50,51,52,53,54,55,56,57,58,59,60,61,62,63,64,65,66,67,68,69,70,71,72,73,74,75,76,77,78,79,80,81,82,83,84,85,86,87,88,89,90,92,93,94,95,96,97,98,99
8x
01,02,03,04,05,06,07,08,09,10,11,12,13,14,15,16,17,18,20,21,23,25,27,28,29,30,31,32,33,34,35,36,37,38,39,40,41,43,44,45,46,47,48,49,50,51,52,53,54,55,56,57,58,59,60,61,65,66,67,69,70,71,72,73,74,75,76,77,78,79,80,81,82,83,84,85,86,87,88,89,90,92,93,94,95,96,97,98,99
7x
02,04,05,06,07,08,09,10,11,12,13,14,15,16,17,18,20,21,23,25,28,29,33,34,35,36,37,39,40,41,43,44,45,46,47,48,49,50,51,53,54,55,56,57,58,59,60,65,66,69,70,71,72,73,74,75,76,77,78,79,80,81,82,83,84,85,86,87,88,89,90,92,93,94,95,96,97,98,99
6x
02,04,05,06,07,09,10,11,12,13,14,15,16,17,18,21,23,28,29,33,34,35,36,37,39,40,43,44,45,46,47,48,49,50,53,54,56,57,58,59,60,65,69,71,72,73,74,76,77,78,79,80,81,82,83,85,86,87,88,89,90,92,93,94,95,96,97,98,99
5x
02,04,05,06,07,09,11,12,14,16,17,18,21,23,28,29,33,34,35,36,37,39,40,43,45,46,47,48,49,50,53,54,56,57,58,59,60,69,71,72,73,74,76,78,79,80,81,82,83,85,86,87,89,90,92,94,95,96,99
4x
02,04,06,07,09,11,12,14,18,21,28,29,33,34,35,36,39,40,43,45,46,48,49,50,53,54,56,59,60,69,71,72,73,74,76,78,81,82,83,85,86,87,89,90,92,94,95,96,99
3x
02,04,06,07,09,11,12,14,18,21,28,29,33,34,35,39,40,43,45,46,48,49,54,56,59,60,69,72,82,83,85,86,87,89,90,92,94,95,96
2x
02,04,06,07,11,12,14,18,21,29,33,34,43,45,46,49,60,69,82,83,85,86,87,89,90,92,94,95,96
1x
02,11,14,18,21,29,33,34,43,45,46,49,60,69,86,87,92,94,95
0x
02,11,18,33,45,46,87,94,95
Author: truongco
Date: 18/8/23
Time: 08:28
==================================================
0x array: 02,11,18,33,45,46,87,94,95 
Post 14:
Content:
9x
00,01,02,03,04,05,06,07,09,10,11,12,13,14,15,16,17,18,19,20,21,22,23,25,26,27,28,29,30,31,32,33,34,35,36,37,38,39,40,41,42,43,44,45,46,47,48,49,50,51,52,53,54,56,57,58,59,60,61,62,63,64,65,66,67,68,69,70,71,72,73,74,75,76,77,78,79,80,81,82,83,84,85,86,88,89,90,91,92,93,94,95,96,97,98,99
8x
00,01,02,03,04,05,06,07,09,10,11,12,13,14,15,16,17,18,19,20,21,22,25,26,27,28,29,30,31,32,33,36,37,38,39,40,41,42,43,44,45,46,47,48,49,50,51,52,54,56,57,58,59,60,61,62,64,65,66,67,68,69,70,71,72,73,74,75,77,78,79,80,81,82,84,85,86,89,90,91,92,93,94,95,96,97,98,99
7x
00,01,02,03,04,05,06,07,09,10,11,12,13,14,15,16,17,18,19,20,21,22,25,26,27,28,31,33,37,38,39,40,42,43,44,45,46,47,48,49,50,51,52,54,56,57,58,59,60,61,62,64,66,67,68,69,71,72,73,74,75,77,78,79,80,81,82,84,85,86,89,90,91,92,93,94,96,98
6x
00,01,02,05,06,07,09,10,11,12,13,14,15,16,17,18,19,20,21,22,25,26,27,31,33,37,38,39,40,42,43,44,45,46,48,52,54,56,57,58,59,60,61,62,64,66,67,68,69,71,72,74,77,78,79,80,81,82,85,86,89,90,91,92,93,94,96,98
5x
01,02,05,06,07,09,10,11,12,14,15,16,17,18,19,20,21,22,25,27,31,33,37,38,40,42,44,45,46,48,52,54,56,57,58,59,60,61,62,64,66,67,69,72,74,77,78,80,82,85,86,89,90,91,93,94,96,98
4x
01,02,06,07,10,11,12,14,16,17,18,19,21,25,27,31,33,37,40,42,45,46,48,52,54,56,57,58,59,60,61,62,67,69,72,77,78,80,82,85,86,89,90,91,93,94,96,98
3x
02,06,07,11,12,14,17,18,19,21,25,31,33,37,40,42,46,48,52,54,56,57,58,59,67,69,72,77,78,80,82,85,86,89,90,93,96,98
2x
11,12,14,18,19,25,33,37,40,52,54,56,57,58,59,67,69,72,77,80,82,85,86,89,90,93,96,98
1x
11,12,14,18,19,25,33,37,40,52,54,56,57,59,69,72,86,98
0x
11,12,18,19,25,33,57,69
Author: thanhha3112
Date: 18/8/23
Time: 08:34
==================================================
0x array: 11,12,18,19,25,33,57,69 
Post 15:
Content:
9x
00,01,02,03,04,05,06,07,08,09,10,11,12,13,14,15,16,17,18,19,20,21,22,23,24,25,26,27,28,29,30,31,32,33,34,35,36,37,38,39,40,42,43,44,45,46,47,48,49,50,51,52,53,54,56,57,58,60,62,63,64,65,66,67,68,69,70,71,72,73,74,75,76,77,78,79,80,81,82,83,84,85,86,87,88,89,90,91,92,93,94,95,96,97,98,99
8x
00,01,02,03,04,05,06,07,08,09,10,11,12,13,15,17,18,19,21,22,23,24,25,26,27,28,29,30,32,33,34,35,36,37,38,39,40,42,43,45,46,47,48,49,50,51,52,53,54,56,57,58,60,62,63,64,65,66,67,68,69,70,71,72,73,74,75,76,78,79,80,81,82,83,84,85,86,87,88,89,90,91,92,93,94,96,97,98
7x
03,04,05,06,07,08,09,11,12,15,17,18,19,21,23,25,26,28,29,30,32,33,34,35,36,37,38,39,40,42,43,45,46,47,48,49,50,51,52,53,54,56,57,58,60,62,63,64,65,66,67,68,69,70,71,72,73,74,75,76,78,79,80,81,82,83,84,85,86,87,89,90,91,92,93,94,97,98
6x
03,04,05,06,07,08,09,11,12,15,17,18,19,21,23,25,26,28,29,30,32,34,35,36,37,38,39,40,43,46,47,48,50,51,52,53,56,57,58,60,62,63,64,65,66,67,68,69,72,73,74,75,76,78,79,82,83,84,85,86,87,89,90,91,92,94,97,98
5x
03,04,05,06,07,08,09,11,12,15,17,18,19,21,23,25,26,28,29,30,32,34,35,36,37,38,39,40,43,46,47,48,50,51,52,53,56,57,63,67,68,73,74,75,76,78,79,82,83,84,86,87,90,91,92,94,97,98
4x
03,04,06,07,08,12,15,17,18,19,21,23,25,26,28,29,30,32,34,35,36,37,38,40,47,48,50,51,52,57,63,67,68,73,74,75,76,78,79,82,83,84,86,87,90,91,92,97
3x
03,04,06,07,08,12,15,17,18,19,21,23,25,28,29,36,37,40,51,52,63,67,68,73,74,75,76,78,79,82,83,84,86,87,90,91,92,97
2x
03,04,06,07,08,15,19,25,28,29,36,37,40,51,52,63,68,73,78,82,83,84,86,87,90,91,92,97
1x
15,19,25,28,29,36,37,40,51,52,63,68,73,78,82,86,87,91
0x
36,37,40,51,52,63,68,73
Author: vippro1986
Date: 18/8/23
Time: 08:40
==================================================
0x array: 36,37,40,51,52,63,68,73 
Post 16:
Content:
9x
00,01,02,03,04,05,06,07,08,09,10,11,12,14,15,16,17,18,19,20,21,23,24,25,26,27,28,29,30,31,32,33,34,35,36,37,38,39,40,41,42,43,44,45,46,47,48,49,50,51,52,53,54,55,56,57,58,59,60,61,62,63,64,65,66,67,68,69,70,71,72,73,74,75,76,77,79,80,81,82,84,85,86,88,89,90,91,92,93,94,95,96,97,98,99
8x
00,01,02,03,04,05,06,07,08,09,10,11,12,14,15,16,17,18,19,20,21,25,26,30,31,32,33,34,35,36,37,39,40,41,42,43,44,45,46,47,48,49,50,51,52,53,54,55,56,57,58,59,60,61,62,63,64,65,67,68,69,70,71,72,73,74,75,76,77,79,80,81,82,84,85,86,88,89,90,91,92,93,94,95,96,97,98,99
7x
00,03,04,07,08,09,11,12,14,15,16,17,18,19,20,25,26,30,31,32,33,34,35,36,37,39,40,41,42,43,44,45,46,47,48,49,50,51,52,53,54,55,56,57,58,59,60,61,62,63,64,65,67,68,69,70,71,72,73,74,75,76,77,79,80,81,82,86,89,90,91,92,93,95,96,97,98,99
6x
00,03,04,07,08,09,11,12,14,15,16,17,18,19,20,25,26,30,32,33,34,35,36,37,39,40,41,43,44,45,46,47,48,49,50,51,52,53,54,55,56,57,58,59,60,61,62,63,64,65,67,70,72,76,79,80,82,86,89,90,91,92,93,95,96,97,98,99
5x
08,09,11,12,14,15,16,17,18,19,20,25,26,30,32,33,34,35,36,37,39,40,41,43,44,45,46,47,48,49,50,51,52,53,54,55,56,57,58,59,60,61,62,63,64,65,67,70,72,76,79,80,82,86,89,91,96,98
4x
20,25,26,30,32,33,34,35,36,37,39,40,41,43,44,45,46,47,48,49,50,51,52,53,54,55,56,57,58,59,60,61,62,63,64,65,67,70,72,76,79,80,82,86,89,91,96,98
3x
39,40,41,43,44,45,46,47,48,49,50,51,52,53,54,55,56,57,58,59,60,61,62,63,64,65,67,70,72,76,79,80,82,86,89,91,96,98
2x
50,51,52,53,54,55,56,57,58,59,60,61,62,63,64,65,67,70,72,76,79,80,82,86,89,91,96,98
1x
60,61,62,63,64,65,67,70,72,76,79,80,82,86,89,91,96,98
0x
79,80,82,86,89,91,96,98
Author: ruabi004
Date: 18/8/23
Time: 08:45
==================================================
0x array: 79,80,82,86,89,91,96,98 
Post 17:
Content:
9x
00,01,02,03,04,05,06,07,08,09,11,12,13,14,15,16,17,18,19,20,21,22,23,24,25,26,27,28,29,30,31,32,33,34,35,36,37,38,39,40,41,42,43,44,45,46,47,48,49,50,51,52,53,54,55,56,57,58,59,60,61,62,63,64,65,67,68,69,70,71,72,73,74,76,77,78,79,80,81,82,83,85,86,87,88,89,90,91,92,94,95,96,97,98,99
8x
02,03,04,06,07,08,09,11,12,13,14,15,16,17,18,19,20,21,22,23,24,25,26,27,28,30,31,32,33,34,35,36,37,38,40,41,42,43,44,45,46,47,49,50,51,52,53,54,55,56,58,59,60,61,62,63,64,65,67,68,69,70,71,72,73,74,76,77,78,79,80,81,82,83,85,86,87,88,89,90,91,92,94,95,96,97,98,99
7x
02,03,04,06,07,08,09,12,13,15,16,17,18,21,22,24,25,26,27,30,31,32,33,34,35,36,37,38,40,41,42,43,44,45,46,47,49,50,51,52,53,54,55,56,58,59,60,61,62,63,64,65,67,68,69,70,71,72,73,74,76,77,78,79,80,81,82,83,85,86,87,88,89,91,92,94,96,99
6x
03,04,06,07,08,09,12,13,15,16,17,18,21,22,24,25,26,27,30,31,33,34,35,36,40,42,43,44,45,47,49,50,51,52,53,54,55,56,58,59,60,61,62,63,64,65,67,68,69,70,71,72,73,74,76,77,78,79,80,82,83,85,87,91,92,94,96,99
5x
03,04,06,07,08,09,12,13,15,16,17,18,21,22,24,25,26,27,30,31,33,34,35,36,40,42,43,44,45,49,51,52,53,54,58,59,60,61,62,63,65,67,68,69,70,71,72,76,80,82,83,85,87,91,92,94,96,99
4x
03,04,06,07,08,09,12,13,15,16,17,18,21,22,24,25,26,27,30,31,33,34,35,36,40,42,43,44,45,49,51,52,53,54,58,59,60,61,62,67,71,76,80,82,85,94,96,99
3x
03,04,06,07,08,09,12,13,15,16,17,18,21,22,24,25,26,27,30,31,33,34,35,36,40,42,44,49,53,58,62,67,71,76,80,85,94,99
2x
03,04,06,07,09,12,13,15,16,18,21,22,24,25,27,30,31,33,34,36,44,49,58,67,76,85,94,99
1x
03,04,06,07,09,12,13,15,16,18,21,22,49,58,67,76,85,94
0x
04,06,07,09,13,15,85,94
Author: hungha2016
Date: 18/8/23
Time: 10:07
==================================================
0x array: 04,06,07,09,13,15,85,94 
Post 18:
Content:
Chen ngang: Tk
9x:
01,02,03,04,05,06,07,08,09,10,11,12,13,14,15,16,17,18,19,20,21,22,23,24,25,26,27,28,29,30,31,32,33,34,35,36,37,38,39,40,41,42,43,44,45,46,47,48,49,50,51,52,53,54,55,56,57,58,59,60,61,62,63,64,65,66,67,68,69,70,71,72,73,74,75,76,77,78,79,80,81,82,83,84,85,86,87,88,89,90,91,92,93,94,95,96,97,98,99
8x:
01,02,03,04,07,08,09,10,11,12,13,14,15,16,17,18,19,20,21,23,24,25,26,28,29,30,31,32,33,34,35,36,37,38,39,40,41,42,43,44,45,46,47,48,49,51,52,53,54,56,57,58,59,61,62,63,64,65,66,67,68,69,70,71,73,74,75,76,78,79,80,81,82,83,84,85,86,87,89,90,91,92,93,94,95,96,97,98,99
7x:
02,03,04,07,08,09,11,12,13,14,16,17,18,19,20,21,23,24,25,26,28,29,30,31,32,33,34,35,36,37,38,39,40,41,42,43,45,46,47,48,52,53,54,56,57,58,59,61,62,63,64,65,66,67,68,69,70,71,73,74,75,76,78,79,80,81,82,83,85,86,87,89,90,91,92,93,95,96,97
6x:
02,03,04,07,08,09,11,12,13,14,16,17,18,19,20,21,23,25,26,28,29,30,31,32,33,34,35,37,38,39,40,41,43,45,46,47,52,53,54,56,57,58,59,61,62,64,65,66,67,69,70,71,73,74,75,76,78,79,80,81,82,85,87,90,91,92,93,95,96
5x:
02,03,04,07,08,09,11,12,13,14,16,17,18,19,20,21,23,25,28,30,31,32,34,35,37,38,40,41,45,46,52,53,54,56,57,58,59,61,64,65,67,68,69,70,71,73,75,76,78,80,81,82,85,86,87,90,91,95,96
4x:
02,03,04,07,08,09,11,12,13,14,16,17,18,19,20,21,23,25,30,31,32,34,35,37,40,41,45,52,53,54,57,58,59,61,67,69,70,71,73,75,76,78,80,85,87,90,91,95,96
3x:
02,03,04,07,08,09,12,14,17,19,20,21,23,25,30,32,34,35,37,40,41,45,52,53,54,57,58,59,67,70,71,73,75,76,80,85,90,91,95
2x:
03,04,08,09,17,23,25,30,32,35,37,40,45,52,53,54,57,58,59,67,70,71,73,75,76,80,85,90,95
1x:
03,08,17,23,30,32,35,37,45,53,54,58,59,67,71,73,85,90,95
0x:
17,35,45,53,54,58,59,71,95
Author: emvatoi213
Date: 18/8/23
Time: 10:19
==================================================
0x array: 17,35,45,53,54,58,59,71,95 
Post 15:
Content:
9x
00,01,02,03,04,05,06,07,08,09,10,11,12,14,15,16,17,18,19,20,21,23,25,26,27,28,29,30,32,33,34,35,36,37,38,40,41,42,43,44,45,46,47,48,49,50,51,52,53,54,55,56,57,58,59,60,61,62,63,64,65,66,67,68,69,70,71,72,73,74,75,76,77,78,79,80,81,82,83,84,85,86,87,88,89,90,91,92,93,94,95,96,97,98,99
8x
00,01,03,04,05,06,07,08,09,10,11,12,14,16,17,18,19,21,23,25,26,27,28,29,30,32,33,34,35,36,37,38,40,41,43,44,45,46,47,48,49,50,52,53,54,55,56,57,58,59,60,61,62,63,64,65,67,68,69,70,71,72,73,74,75,76,77,78,79,80,81,82,83,84,85,86,87,88,89,90,91,92,94,95,96,97,98,99
7x
01,03,04,05,06,07,08,09,10,11,12,14,16,17,18,19,21,23,25,26,27,28,29,30,32,33,34,35,36,37,38,40,41,43,44,45,47,49,50,52,53,54,56,57,58,59,60,61,62,63,65,67,68,69,70,71,72,74,75,76,78,80,81,82,83,85,86,87,88,89,90,91,92,94,95,96,98,99
6x
01,03,05,07,08,09,10,12,14,16,17,18,19,21,23,26,27,28,29,30,32,33,34,35,36,38,40,41,43,44,45,47,49,52,53,54,56,58,59,60,61,62,63,65,67,68,69,70,71,72,74,76,80,81,82,83,85,86,87,89,90,91,92,94,95,96,98,99
5x
01,03,07,08,09,10,12,14,16,17,18,19,21,23,27,28,29,30,32,33,34,35,36,38,40,41,43,47,49,53,54,56,58,60,61,62,63,65,67,69,70,71,72,74,76,80,82,83,85,89,90,91,92,94,95,96,98,99
4x
01,03,07,08,09,10,12,14,16,19,21,23,27,28,29,30,32,34,36,43,47,49,53,56,58,60,61,62,63,65,67,70,71,72,74,76,82,83,85,89,90,91,92,94,95,96,98,99
3x
01,03,07,09,10,12,16,19,21,23,27,28,29,30,32,34,36,43,47,49,56,58,61,63,65,67,70,72,74,76,82,85,89,90,92,94,95,98
2x
01,03,09,10,12,16,21,23,27,28,30,36,47,49,56,58,61,63,65,67,70,72,74,76,85,90,92,94
1x
01,03,12,16,21,27,30,47,49,58,61,67,74,76,85,90,92,94
0x
12,21,58,67,74,76,85,94
Author: DYH00011
Date: 17/8/23
Time: 18:36
==================================================
0x array: 12,21,58,67,74,76,85,94 
Post 16:
Content:
9x
00,01,02,03,04,05,06,07,08,09,10,11,12,13,15,16,17,18,19,20,21,22,23,25,26,27,28,29,30,31,32,33,34,35,36,37,39,40,41,42,43,44,45,46,47,48,49,50,51,52,53,54,55,56,57,58,59,60,61,62,63,64,65,66,67,68,70,71,72,73,74,75,76,77,78,79,80,81,82,83,84,85,86,87,88,89,90,91,92,93,94,95,96,97,98,99
8x
01,02,03,04,05,06,07,08,09,10,11,12,13,15,16,17,18,19,20,21,22,23,25,26,27,28,29,30,31,32,33,34,35,36,37,39,40,41,42,44,45,47,48,49,50,51,52,53,54,55,56,58,59,60,62,63,64,65,67,68,70,71,72,73,74,76,78,79,80,81,82,83,84,85,86,87,88,89,90,91,92,93,94,95,96,97,98,99
7x
01,02,03,04,05,06,07,08,09,10,11,12,13,16,17,18,19,20,21,22,23,25,26,27,28,29,30,31,33,34,35,36,37,39,40,41,42,44,45,47,48,49,50,51,52,53,54,55,56,59,60,62,63,64,65,67,71,72,73,74,76,78,79,81,82,83,84,86,87,88,89,90,91,93,94,95,98,99
6x
01,02,03,04,05,06,07,08,09,10,11,12,13,16,17,18,21,22,23,25,26,27,28,29,30,31,33,34,36,37,39,40,41,42,44,45,47,48,49,52,53,54,55,56,59,62,63,64,71,72,73,74,76,78,79,81,82,83,84,86,88,89,90,91,93,94,95,99
5x
01,03,04,05,06,07,08,09,10,11,12,13,16,17,18,22,23,25,26,27,28,29,30,31,33,34,36,40,41,45,47,48,49,52,53,54,55,56,59,62,63,64,71,74,76,78,79,81,82,83,84,88,89,90,91,93,95,99
4x
01,03,04,05,06,07,08,09,10,11,12,13,16,17,22,23,25,26,27,29,31,33,34,36,40,41,45,48,49,52,54,55,59,62,63,71,74,76,78,81,82,83,88,89,90,91,93,95
3x
01,04,06,07,08,09,10,11,13,16,17,22,23,26,27,31,34,36,40,41,45,48,49,52,54,55,59,63,71,74,76,81,82,83,89,90,91,93
2x
01,07,08,09,10,16,22,23,26,27,31,34,40,41,45,48,49,54,55,59,71,74,76,81,83,90,91,93
1x
01,07,09,16,23,27,31,40,41,45,49,59,74,76,81,83,90,93
0x
09,31,40,49,76,81,83,90
Author: Xomchua2
Date: 17/8/23
Time: 18:42
==================================================
0x array: 09,31,40,49,76,81,83,90 
Post 17:
Content:
9x
00,01,02,03,04,05,06,07,08,09,10,11,12,13,14,15,16,17,18,19,20,21,22,23,24,25,26,28,29,30,31,32,33,35,36,37,38,39,40,41,42,43,44,45,46,47,48,49,50,51,52,53,54,55,56,57,58,59,60,61,62,63,64,65,66,67,68,69,70,72,73,74,75,76,77,78,79,80,81,82,83,84,85,86,87,88,89,91,92,93,94,95,96,97,98,99
8x
00,01,02,03,04,05,06,07,08,09,10,11,12,13,14,15,16,17,18,19,20,21,22,23,24,25,26,28,29,30,31,33,35,36,37,38,39,40,41,42,43,44,45,46,47,48,49,50,51,52,53,54,55,56,57,58,59,60,61,62,63,65,66,67,68,69,70,73,74,76,77,80,81,82,83,84,85,87,88,89,91,92,93,94,95,96,97,98,99
7x
00,01,02,04,03,05,06,07,08,09,10,11,12,13,14,15,16,17,18,19,20,21,22,24,25,26,28,30,31,33,35,36,38,40,43,44,45,46,47,48,49,50,51,52,53,54,55,56,57,58,59,61,62,63,65,66,67,68,69,74,76,77,80,81,83,84,85,87,88,89,91,92,93,94,95,96,97,98,99
6x
01,02,03,04,05,06,07,10,11,12,15,16,17,19,21,22,24,25,31,33,35,36,38,40,43,44,45,46,47,48,49,50,51,52,53,54,55,56,57,58,59,61,62,63,65,66,67,68,69,74,76,77,80,81,83,84,85,87,88,89,91,92,93,94,95,96,97,98,99
5x
01,02,03,04,05,06,07,10,11,12,15,16,17,19,21,22,24,25,31,33,35,36,40,43,44,45,46,47,49,51,52,54,55,56,58,59,62,63,65,66,67,68,69,76,77,80,84,85,87,88,91,92,93,94,95,96,97,98,99
4x
01,04,05,06,07,10,11,12,15,17,19,21,24,33,36,40,43,44,45,46,47,49,51,52,54,55,56,58,59,62,63,65,66,67,68,69,76,77,80,84,85,87,88,91,93,95,97,98,99
3x
01,04,05,06,07,10,11,12,15,17,19,21,24,33,40,43,44,45,46,49,52,54,55,59,62,63,65,67,68,69,76,77,84,85,88,91,93,95,98
2x
01,04,05,06,07,12,17,21,24,40,43,46,55,59,62,63,65,67,68,69,76,77,84,85,88,91,93,95,98
1x
04,05,06,07,12,17,21,24,40,43,46,55,62,63,65,67,68,77,88
0x
04,55,62,63,65,67,68,77,88
Author: Chamy1108
Date: 17/8/23
Time: 18:46
==================================================
0x array: 04,55,62,63,65,67,68,77,88 
Post 18:
Content:
9x
00,01,02,03,04,05,06,07,08,09,10,12,13,14,15,16,17,18,19,20,21,23,24,25,26,27,28,29,30,31,32,33,34,35,36,37,38,39,40,41,42,43,44,45,46,47,48,49,50,51,52,53,54,55,56,57,58,59,60,61,62,63,64,65,66,67,68,69,70,71,72,73,74,75,76,77,78,79,80,81,82,83,84,85,86,87,88,89,90,92,93,95,96,97,98,99
8x
02,03,04,05,07,08,09,10,12,13,14,15,16,17,18,19,20,21,23,24,25,26,27,28,29,30,31,32,34,35,36,37,38,39,40,41,42,43,44,45,46,47,48,49,50,51,52,53,54,55,56,57,58,59,60,61,62,63,64,65,66,67,68,69,70,71,72,73,74,75,76,77,78,79,80,82,84,86,88,89,90,92,93,95,96,97,98,99
7x
03,04,07,08,09,10,12,13,14,15,16,17,18,20,21,23,24,25,26,27,28,29,30,31,32,34,35,36,37,38,39,40,41,42,43,44,45,46,47,48,49,50,51,52,53,54,55,56,57,58,59,60,61,62,63,64,65,67,68,69,70,71,72,75,76,77,82,84,86,88,89,90,92,95,96,97,98,99
6x
03,04,07,08,09,10,12,13,14,15,16,17,18,20,21,23,26,27,28,29,30,31,32,34,35,36,37,38,39,40,41,42,43,45,46,47,48,49,50,51,52,53,54,55,56,57,58,59,60,61,62,63,64,65,71,75,76,82,84,86,88,89,90,92,95,96,97,99
5x
03,07,08,09,12,14,15,18,20,21,23,26,27,28,29,30,31,32,34,35,36,37,38,39,40,41,42,43,45,46,47,48,49,50,51,52,55,56,57,59,60,61,64,65,71,75,76,82,84,86,88,89,90,92,95,96,97,99
4x
03,07,08,09,12,14,15,20,21,23,26,27,28,29,30,31,32,34,35,36,38,39,40,42,45,46,50,51,52,56,59,60,64,65,71,75,76,82,84,86,88,89,90,92,95,96,97,99
3x
03,08,09,12,14,15,20,21,23,26,27,28,29,30,31,38,39,42,45,46,50,51,52,56,59,60,64,65,71,75,76,82,84,90,92,95,96,99
2x
03,08,09,28,31,38,39,42,45,46,50,51,52,56,59,60,64,65,71,75,76,82,84,90,92,95,96,99
1x
45,46,50,51,52,56,59,60,64,65,71,75,76,82,84,90,92,95
0x
56,59,60,64,65,71,75,76
Author: chilatoi123
Date: 17/8/23
Time: 18:48
==================================================
0x array: 56,59,60,64,65,71,75,76 
Post 19:
Content:
9x
00,01,02,03,04,05,06,07,08,09,10,11,12,13,14,15,16,17,18,19,20,21,22,23,24,25,26,27,28,29,30,31,32,33,34,35,36,37,38,39,40,41,42,43,44,45,46,47,48,49,50,51,52,53,54,55,56,57,58,59,60,61,62,63,64,65,66,67,68,69,70,71,72,74,75,76,77,78,79,80,81,82,84,85,86,87,88,89,90,92,93,94,95,96,97,99
8x
01,02,03,04,05,06,07,08,10,11,12,13,14,16,17,19,20,21,22,23,24,25,26,27,28,30,33,34,35,36,37,38,39,40,41,42,43,44,45,46,47,48,49,50,51,52,53,54,55,56,57,58,59,60,61,62,63,64,65,66,67,68,69,70,71,72,74,75,76,77,78,79,80,81,82,85,86,88,89,90,92,93,94,95,96,97,99
7x
01,02,03,04,05,06,07,08,10,11,12,13,14,16,17,19,20,21,22,23,24,25,26,27,28,30,33,34,35,36,37,38,39,40,41,42,44,45,46,47,48,49,50,51,52,54,55,56,59,60,61,62,63,64,65,66,67,69,72,75,76,78,80,81,82,85,86,88,89,90,92,93,94,95,96,97,99
6x
01,02,03,04,05,06,07,08,12,13,14,16,17,19,20,21,22,23,24,25,26,27,28,30,33,34,35,37,38,39,40,41,42,44,45,46,47,48,49,50,51,55,56,59,60,61,62,64,65,66,67,69,75,76,78,80,81,82,85,86,88,90,94,95,96,97,99
5x
01,02,03,04,05,06,07,08,12,13,14,16,17,19,21,22,23,24,25,26,27,28,33,34,35,37,38,39,40,41,42,44,45,46,47,49,50,51,56,59,60,61,62,64,65,66,69,75,76,78,81,82,88,90,95,96,97,99
4x
01,02,03,04,05,06,07,08,12,13,14,16,17,19,21,22,23,24,26,28,33,34,40,42,46,49,50,51,56,59,60,61,62,64,65,66,69,75,76,78,81,82,88,90,95,96,97,99
3x
02,04,06,08,14,19,21,22,23,24,26,28,33,34,40,42,46,49,50,51,56,59,60,61,62,64,65,66,69,75,76,78,81,82,88,90,95,96
2x
02,04,06,08,14,22,23,24,26,28,40,42,46,50,51,59,60,62,64,66,69,75,78,82,88,95,96
1x
06,08,14,23,24,26,28,42,46,50,51,60,62,64,69,78,82,88,96
0x
06,08,14,23,24,26,28,42,46
Author: lodetoantoach2021
Date: 17/8/23
Time: 18:53
==================================================
0x array: 06,08,14,23,24,26,28,42,46 
Post 20:
Content:
9x
00,01,02,03,04,05,06,07,09,10,11,12,13,14,15,16,17,18,19,20,21,22,23,24,25,26,27,28,29,30,31,32,33,34,35,36,37,38,39,40,41,42,43,45,46,47,48,49,50,51,52,53,54,55,56,57,58,59,60,61,62,63,64,65,66,67,68,69,70,71,72,73,74,75,76,77,78,79,80,81,84,85,87,88,89,90,91,92,93,94,95,96,97,98,99
8x
00,01,02,04,05,06,07,09,10,11,12,13,14,15,16,17,18,20,21,22,23,24,25,26,27,28,29,30,31,32,33,34,35,36,37,38,39,40,41,43,45,46,48,49,50,52,53,54,55,56,57,58,59,60,61,63,64,65,66,67,68,70,71,72,73,74,75,76,77,78,79,80,81,84,85,87,88,89,90,91,92,93,94,95,96,97,98,99
7x
00,01,05,06,07,09,10,12,13,14,15,16,17,18,20,21,22,23,24,25,26,27,28,29,31,32,33,34,35,36,37,38,39,40,41,43,45,46,48,50,52,53,54,55,56,57,58,59,60,61,63,64,65,67,68,70,71,72,73,74,75,76,77,78,80,85,87,88,89,90,91,92,93,94,95,97,98,99
6x
00,01,05,06,07,09,12,13,14,15,16,18,20,21,23,24,25,26,28,29,31,32,33,34,35,36,37,38,39,40,41,43,45,48,52,53,54,55,56,58,59,60,61,63,64,65,67,70,71,72,73,74,75,76,77,80,85,87,88,89,90,91,92,93,94,95,97,98
5x
01,05,07,09,13,14,15,16,18,20,21,23,24,25,26,29,31,32,33,34,35,36,37,38,40,41,43,45,48,52,53,55,56,60,61,64,65,67,70,71,72,74,75,76,77,80,85,87,88,89,90,91,92,93,94,95,97,98
4x
07,09,13,15,16,18,20,21,23,24,25,26,29,31,32,33,34,35,36,37,38,40,43,45,48,52,56,60,61,65,67,70,71,72,74,76,77,80,85,87,89,90,91,92,94,95,97,98
3x
07,09,13,15,16,18,21,23,24,25,31,32,33,34,35,36,37,38,40,43,45,48,56,60,67,70,72,76,77,80,85,87,89,90,91,92,95,97
2x
07,09,13,15,18,21,23,24,25,31,33,34,35,36,37,45,48,60,67,72,76,77,87,89,90,92,95,97
1x
07,09,13,15,18,23,24,25,31,37,45,77,87,89,90,92,95,97
0x
09,13,15,18,25,37,92,97
Author: Songquetoido3888
Date: 17/8/23
Time: 19:02
==================================================
0x array: 09,13,15,18,25,37,92,97 
Numbers appearing 6 times: 76, 94 ,
Numbers appearing 5 times: 45, 75, 77 ,
Numbers appearing 4 times: 96, 52, 85 ,
Numbers appearing 3 times: 01, 36, 72, 49, 98, 71, 91, 46, 95, 02, 15, 74, 25, 54, 56, 57, 58, 59, 18, 63, 65, 68, 81, 09 ,
Numbers appearing 2 times: 28, 64, 73, 24, 30, 32, 35, 43, 23, 39, 69, 87, 34, 48, 88, 21, 44, 51, 53, 79, 11, 33, 12, 70, 40, 67, 04, 06, 
Numbers appearing 1 times: 38, 84, 00, 05, 20, 22, 50, 66, 19, 89, 31, 83, 90, 07, 55, 62, 17, 60, 08, 14, 26, 42 ,


All unique 0x numbers: 00, 01, 02, 04, 05, 06, 07, 08, 09, 11, 12, 13, 14, 15, 17, 18, 19, 20, 21, 22, 23, 24, 25, 26, 28, 29, 30, 31, 32, 33, 34, 35, 36, 37, 38, 39, 40, 42, 43, 44, 45, 46, 48, 49, 50, 51, 52, 53, 54, 55, 56, 57, 58, 59, 60, 62, 63, 64, 65, 66, 67, 68, 69, 70, 71, 72, 73, 74, 75, 76, 77, 79, 80, 81, 82, 83, 84, 85, 86, 87, 88, 89, 90, 91, 92, 94, 95, 96, 97, 98 
Not appearing in 0x numbers: 3, 10, 16, 27, 41, 47, 61, 78, 93, 99 
Today Date : 2023-08-18
Unique Numbers RBK: 07,70,77,17,71,37,73,47,74,57,75,79,97,00,09,90,01,10,03,30,04,40,05,50,15,51,35,53,45,54,59,95
Total Unique Numbers RBK: 32

06,08,11,14,19,23,24,30,33,34,35,38,39,42,43,44,48,51,53,60,64,66,69,70,79,83,84,88,89,

03,10,16,41,47,61,93,99,